           1     2.05189     2.05189           0
           2     2.12204     2.08696   0.0248005
           3     2.16699     2.11364   0.0273456
           4     2.24022     2.14529     0.03423
           5     2.04714     2.12566   0.0325292
           6     2.17809     2.13439   0.0282569
           7     1.95923     2.10937   0.0335159
           8     1.92269     2.08604   0.0365581
           9     1.97315     2.07349   0.0345809
          10     2.43134     2.10928   0.0460558
          11     2.24638     2.12174   0.0435228
          12     2.01207      2.1126   0.0408443
          13     2.05882     2.10847   0.0379114
          14     1.97355     2.09883   0.0364077
          15     1.92494     2.08724   0.0357785
          16      2.1052     2.08836     0.03356
          17     1.88223     2.07623   0.0337052
          18     1.90351     2.06664   0.0331705
          19     2.05784     2.06617   0.0314279
          20     2.32366     2.07905   0.0323864
          21     2.14154     2.08203   0.0309806
          22     2.04577     2.08038   0.0296162
          23     2.52227     2.09959   0.0339939
          24     2.06221     2.09803   0.0326132
          25     2.18687     2.10159   0.0315016
          26     1.95193     2.09583   0.0308114
          27     2.00864      2.0926    0.029839
          28     1.95191     2.08758   0.0291933
          29     2.16372      2.0902   0.0283045
          30     2.43846     2.10181   0.0296461
          31     2.47239     2.11376   0.0310064
          32     2.36235     2.12153   0.0309953
          33     2.23383     2.12494   0.0302422
          34     2.41592     2.13349   0.0305398
          35     2.18463     2.13496   0.0297021
          36     2.37606     2.14165   0.0296225
          37      2.0484     2.13913   0.0289289
          38     2.11312     2.13845   0.0281758
          39     2.31957     2.14309   0.0278334
          40     2.04779     2.14071   0.0272394
          41     2.02919     2.13799   0.0267104
          42     2.53517     2.14745    0.027698
          43     2.25884     2.15004   0.0271747
          44     1.83852     2.14296   0.0274639
          45     2.16432     2.14343   0.0268577
          46     2.33297     2.14755    0.026588
          47     2.21947     2.14908   0.0260663
          48     1.83364     2.14251   0.0263386
          49     2.36724      2.1471   0.0261974
          50     1.90763     2.14231   0.0261075
          51     2.18376     2.14312   0.0256083
          52     2.07662     2.14184   0.0251477
          53     2.20593     2.14305   0.0247023
          54     2.16556     2.14347   0.0242483
          55     2.62529     2.15223   0.0253406
          56     2.11128      2.1515   0.0248986
          57     2.03566     2.14946   0.0245446
          58     1.97083     2.14638   0.0243138
          59     2.27938     2.14864    0.024006
          60     2.24716     2.15028    0.023662
          61     1.84298     2.14524   0.0238043
          62     2.26527     2.14718    0.023499
          63     1.86476      2.1427   0.0235497
          64     2.14212     2.14269   0.0231817
          65     2.06423     2.14148   0.0228565
          66     2.29969     2.14388   0.0226355
          67     2.16554      2.1442      0.0223
          68     2.17307     2.14462   0.0219761
          69     2.39367     2.14823    0.021952
          70     2.21975     2.14926   0.0216622
          71     2.30911     2.15151   0.0214738
          72     2.48386     2.15612    0.021666
          73     2.13508     2.15584   0.0213711
          74     1.99559     2.15367   0.0211917
          75     2.06976     2.15255   0.0209387
          76     2.20612     2.15326    0.020675
          77      1.9557     2.15069   0.0205651
          78     2.02926     2.14913   0.0203603
          79     2.35327     2.15172   0.0202659
          80      2.1211     2.15133   0.0200162
          81     2.21079     2.15207   0.0197825
          82     2.36774      2.1547   0.0197153
          83     2.13324     2.15444   0.0194795
          84     2.10966     2.15391   0.0192549
          85     1.94414     2.15144   0.0191858
          86     2.18361     2.15181   0.0189664
          87      2.0837     2.15103   0.0187645
          88     2.21528     2.15176   0.0185655
          89     1.98715     2.14991   0.0184488
          90     2.25648     2.15109   0.0182818
          91     2.25382     2.15222   0.0181157
          92     2.15366     2.15224   0.0179188
          93     1.90374     2.14957   0.0179242
          94     2.23641     2.15049   0.0177573
          95     1.86561     2.14749   0.0178218
          96     1.95898     2.14553    0.017744
          97     1.93052     2.14331    0.017699
          98     1.98189     2.14167   0.0175949
          99     1.82115     2.13843   0.0177125
         100     2.01469     2.13719   0.0175786
