           1    -3.80894    -3.80894           0
           2    -3.80788    -3.80841  0.00037427
           3    -3.80623    -3.80769 0.000644033
           4    -3.80541    -3.80712 0.000689231
           5    -3.80736    -3.80717 0.000553025
           6    -3.80712    -3.80716 0.000460898
           7    -3.80638    -3.80705  0.00040838
           8    -3.80952    -3.80736 0.000459846
           9    -3.80795    -3.80742  0.00041344
          10    -3.80667    -3.80735 0.000378823
          11    -3.80748    -3.80736 0.000344581
          12    -3.80693    -3.80732 0.000317707
          13    -3.80724    -3.80732 0.000293327
          14    -3.80796    -3.80736 0.000275903
          15    -3.80913    -3.80748 0.000281476
          16    -3.80916    -3.80759 0.000282711
          17    -3.80703    -3.80755 0.000267955
          18    -3.80628    -3.80748 0.000262201
          19    -3.80799    -3.80751  0.00024974
          20    -3.80713    -3.80749  0.00023796
          21     -3.8055     -3.8074 0.000244713
          22    -3.80575    -3.80732 0.000244707
          23    -3.80306    -3.80714 0.000296075
          24    -3.80844    -3.80719 0.000288695
          25    -3.80533    -3.80712 0.000286538
          26    -3.80729    -3.80712   0.0002756
          27    -3.80602    -3.80708 0.000268397
          28    -3.80809    -3.80712  0.00026124
          29    -3.80744    -3.80713 0.000252462
          30     -3.8042    -3.80703 0.000262293
          31    -3.80414    -3.80694 0.000269855
          32    -3.80464    -3.80687  0.00027082
          33    -3.80575    -3.80683 0.000264727
          34    -3.80627    -3.80682 0.000257451
          35    -3.80471    -3.80676  0.00025705
          36    -3.80639    -3.80675 0.000250109
          37    -3.80527    -3.80671 0.000246509
          38    -3.80779    -3.80673 0.000241656
          39    -3.80658    -3.80673 0.000235491
          40    -3.80808    -3.80676 0.000232009
          41    -3.80472    -3.80671 0.000231642
          42    -3.80407    -3.80665 0.000234494
          43     -3.8083    -3.80669 0.000232154
          44    -3.80993    -3.80676 0.000238286
          45    -3.80991    -3.80683 0.000243026
          46    -3.80463    -3.80679 0.000242423
          47    -3.80708    -3.80679 0.000237345
          48    -3.80773    -3.80681  0.00023321
          49    -3.80696    -3.80681  0.00022847
          50    -3.80773    -3.80683  0.00022464
          51    -3.80755    -3.80685 0.000220681
          52    -3.80795    -3.80687 0.000217464
          53    -3.80876     -3.8069 0.000216276
          54    -3.80517    -3.80687 0.000214627
          55    -3.80286     -3.8068 0.000222793
          56    -3.80621    -3.80679 0.000219064
          57    -3.80775     -3.8068 0.000215864
          58    -3.80496    -3.80677 0.000214484
          59    -3.80656    -3.80677 0.000210878
          60    -3.80802    -3.80679 0.000208385
          61    -3.80912    -3.80683 0.000208432
          62    -3.80583    -3.80681 0.000205695
          63    -3.81001    -3.80686 0.000208598
          64    -3.80538    -3.80684 0.000206615
          65    -3.80517    -3.80681  0.00020502
          66    -3.80525    -3.80679 0.000203282
          67     -3.8076     -3.8068 0.000200605
          68    -3.80585    -3.80679 0.000198143
          69    -3.80713    -3.80679 0.000195333
          70    -3.80529    -3.80677 0.000193724
          71    -3.80617    -3.80676  0.00019118
          72    -3.80623    -3.80676 0.000188669
          73    -3.80611    -3.80675 0.000186291
          74     -3.8049    -3.80672 0.000185432
          75    -3.80744    -3.80673 0.000183203
          76    -3.80685    -3.80673 0.000180799
          77    -3.80833    -3.80675 0.000179637
          78    -3.80718    -3.80676 0.000177418
          79    -3.80492    -3.80674  0.00017669
          80    -3.80634    -3.80673 0.000174552
          81     -3.8046     -3.8067 0.000174376
          82    -3.80708    -3.80671 0.000172309
          83    -3.80674    -3.80671 0.000170233
          84     -3.8092    -3.80674  0.00017076
          85    -3.80832    -3.80676 0.000169763
          86    -3.80683    -3.80676 0.000167792
          87    -3.80544    -3.80674 0.000166547
          88    -3.80686    -3.80675  0.00016466
          89    -3.80765    -3.80676 0.000163121
          90    -3.80462    -3.80673 0.000163031
          91    -3.80447    -3.80671 0.000163116
          92    -3.80789    -3.80672 0.000161845
          93    -3.80985    -3.80675 0.000163566
          94    -3.80845    -3.80677 0.000162817
          95    -3.81103    -3.80682 0.000167175
          96    -3.81103    -3.80686 0.000171096
          97    -3.80803    -3.80687 0.000169756
          98    -3.80902    -3.80689 0.000169432
          99    -3.80571    -3.80688 0.000168146
         100    -3.80597    -3.80687 0.000166711
