           1     1.64622     1.64622           0
           2     1.65742     1.65182  0.00396088
           3     1.63451     1.64605  0.00539929
           4     1.63041     1.64214  0.00527815
           5     1.68221     1.65015  0.00831939
           6     1.65717     1.65132  0.00701442
           7      1.6857     1.65623  0.00753761
           8     1.68734     1.66012  0.00753187
           9     1.66141     1.66026  0.00669635
          10     1.58552     1.65279  0.00930607
          11     1.63448     1.65113  0.00860761
          12     1.64876     1.65093  0.00789256
          13     1.66961     1.65237  0.00741517
          14     1.67315     1.65385  0.00703258
          15     1.67633     1.65535  0.00672146
          16     1.64359     1.65461  0.00634142
          17     1.68279     1.65627  0.00618118
          18     1.66018     1.65649  0.00584159
          19     1.65382     1.65635  0.00553583
          20     1.62945       1.655  0.00541991
          21     1.65835     1.65516  0.00516416
          22     1.66569     1.65564  0.00495154
          23      1.6064      1.6535  0.00517847
          24     1.68005     1.65461  0.00507951
          25      1.6452     1.65423  0.00489023
          26      1.6787     1.65517  0.00479182
          27     1.67625     1.65595  0.00467749
          28     1.67368     1.65659   0.0045531
          29     1.63809     1.65595  0.00444054
          30     1.61201     1.65448  0.00452757
          31     1.59439     1.65254  0.00477849
          32     1.61313     1.65131   0.0047853
          33     1.63456     1.65081  0.00466716
          34     1.62129     1.64994  0.00460989
          35     1.62444     1.64921  0.00453537
          36     1.58142     1.64733   0.0047844
          37     1.63857     1.64709  0.00466094
          38     1.65974     1.64742  0.00455016
          39      1.6167     1.64663  0.00450116
          40     1.64447     1.64658  0.00438895
          41     1.69799     1.64783   0.0044574
          42     1.58486     1.64633  0.00459653
          43     1.63394     1.64605  0.00449867
          44     1.69634     1.64719  0.00453933
          45     1.64917     1.64723  0.00443867
          46     1.64813     1.64725  0.00434222
          47     1.63105     1.64691   0.0042635
          48     1.69516     1.64791  0.00429153
          49     1.60208     1.64698  0.00430465
          50     1.69721     1.64798  0.00433422
          51     1.63389     1.64771  0.00425803
          52     1.63751     1.64751  0.00418066
          53      1.6147     1.64689  0.00414737
          54     1.67081     1.64733  0.00409414
          55     1.59721     1.64642  0.00411988
          56     1.66231     1.64671  0.00405608
          57     1.64555     1.64669  0.00398497
          58     1.69072     1.64745  0.00398793
          59     1.61277     1.64686  0.00396342
          60     1.65707     1.64703  0.00390101
          61     1.67994     1.64757   0.0038742
          62     1.62732     1.64724  0.00382545
          63     1.68069     1.64777  0.00380139
          64     1.64682     1.64776  0.00374202
          65     1.67853     1.64823  0.00371428
          66     1.64823     1.64823  0.00365801
          67     1.65679     1.64836  0.00360564
          68     1.63991     1.64823  0.00355476
          69     1.59455     1.64746  0.00358738
          70     1.61755     1.64703  0.00356149
          71     1.64103     1.64694  0.00351233
          72     1.59223     1.64618  0.00354479
          73     1.63907     1.64609  0.00349757
          74     1.67278     1.64645  0.00346886
          75     1.64498     1.64643  0.00342266
          76     1.66596     1.64668  0.00338726
          77     1.67581     1.64706  0.00336433
          78     1.67366      1.6474  0.00333842
          79     1.61753     1.64703  0.00331751
          80     1.64417     1.64699  0.00327623
          81     1.63272     1.64681  0.00324052
          82     1.62006     1.64649  0.00321739
          83     1.62096     1.64618  0.00319329
          84     1.64463     1.64616  0.00315533
          85     1.67781     1.64653   0.0031401
          86     1.63196     1.64636  0.00310816
          87     1.65315     1.64644  0.00307341
          88       1.609     1.64602  0.00306779
          89     1.66856     1.64627  0.00304376
          90     1.62898     1.64608    0.003016
          91     1.63075     1.64591  0.00298756
          92     1.66261     1.64609  0.00296059
          93     1.68441      1.6465  0.00295729
          94     1.61902     1.64621  0.00294025
          95     1.65218     1.64627  0.00290997
          96     1.66807      1.6465   0.0028885
          97     1.68662     1.64691  0.00288818
          98     1.67569     1.64721   0.0028736
          99     1.70876     1.64783  0.00291106
         100     1.67493      1.6481  0.00289454
