           1    -5.02681    -5.02681           0
           2    -5.03696    -5.03188  0.00358661
           3     -5.0124    -5.02539  0.00581737
           4    -5.00748    -5.02091  0.00583672
           5    -5.06122    -5.02897  0.00859056
           6    -5.03594    -5.03013  0.00723691
           7    -5.06373    -5.03493  0.00762988
           8    -5.06852    -5.03913  0.00774531
           9    -5.04101    -5.03934  0.00688754
          10    -4.96385    -5.03179  0.00947204
          11    -5.01362    -5.03014  0.00875385
          12    -5.02735    -5.02991  0.00802745
          13    -5.04851    -5.03134  0.00753646
          14    -5.05276    -5.03287  0.00715183
          15    -5.05711    -5.03448  0.00685518
          16     -5.0244    -5.03385  0.00645563
          17    -5.06147    -5.03548  0.00627701
          18    -5.03811    -5.03562     0.00593
          19    -5.03346    -5.03551  0.00561899
          20    -5.00824    -5.03415  0.00550099
          21    -5.03551    -5.03421  0.00523942
          22     -5.0431    -5.03462  0.00501681
          23    -4.98111    -5.03229  0.00531074
          24    -5.06015    -5.03345  0.00521477
          25    -5.02219      -5.033  0.00502559
          26    -5.05764    -5.03395  0.00492087
          27    -5.05392    -5.03469   0.0047939
          28    -5.05343    -5.03536   0.0046692
          29    -5.01718    -5.03473  0.00455007
          30    -4.98786    -5.03317  0.00465887
          31    -4.97019    -5.03114  0.00493167
          32    -4.98942    -5.02983  0.00494687
          33    -5.01196    -5.02929  0.00482653
          34    -4.99922    -5.02841  0.00476492
          35     -5.0008    -5.02762  0.00469359
          36    -4.95946    -5.02572   0.0049303
          37    -5.01549    -5.02545   0.0048048
          38    -5.03918    -5.02581  0.00469193
          39    -4.99494    -5.02502  0.00463792
          40     -5.0242      -5.025  0.00452202
          41    -5.07436     -5.0262  0.00456919
          42    -4.96059    -5.02464  0.00471991
          43    -5.01389    -5.02439  0.00461676
          44    -5.07793    -5.02561  0.00466943
          45    -5.03073    -5.02572  0.00456705
          46    -5.02441    -5.02569  0.00446785
          47    -5.00978    -5.02535   0.0043856
          48    -5.07454    -5.02638  0.00441233
          49     -4.9807    -5.02545  0.00441968
          50     -5.0766    -5.02647  0.00444812
          51     -5.0131    -5.02621  0.00436862
          52    -5.01712    -5.02603   0.0042881
          53    -4.99511    -5.02545   0.0042467
          54    -5.04763    -5.02586  0.00418788
          55    -4.97172    -5.02487  0.00422583
          56    -5.04018    -5.02515   0.0041592
          57    -5.02495    -5.02514  0.00408623
          58    -5.06733    -5.02587     0.00408
          59    -4.99098    -5.02528  0.00405347
          60    -5.03674    -5.02547  0.00399041
          61    -5.06071    -5.02605  0.00396659
          62     -5.0048    -5.02571  0.00391739
          63    -5.06235    -5.02629  0.00389815
          64    -5.02386    -5.02625  0.00383743
          65    -5.05536     -5.0267  0.00380444
          66    -5.02514    -5.02667  0.00374687
          67    -5.03604    -5.02681  0.00369355
          68    -5.01741    -5.02668  0.00364182
          69    -4.97333     -5.0259  0.00367019
          70    -4.99449    -5.02545   0.0036451
          71    -5.01886    -5.02536  0.00359494
          72    -4.97012    -5.02459  0.00362597
          73    -5.01683    -5.02449  0.00357786
          74    -5.04934    -5.02482  0.00354523
          75    -5.02407    -5.02481  0.00349798
          76    -5.04447    -5.02507   0.0034615
          77     -5.0558    -5.02547  0.00343946
          78    -5.05249    -5.02582  0.00341277
          79    -4.99411    -5.02542  0.00339309
          80    -5.02216    -5.02537  0.00335092
          81    -5.00896    -5.02517  0.00331567
          82    -4.99879    -5.02485  0.00329081
          83    -4.99936    -5.02454  0.00326547
          84    -5.02548    -5.02455  0.00322661
          85    -5.05779    -5.02495  0.00321225
          86    -5.01045    -5.02478  0.00317932
          87    -5.03024    -5.02484   0.0031434
          88    -4.98752    -5.02442  0.00313615
          89    -5.04786    -5.02468  0.00311196
          90    -5.00525    -5.02446  0.00308486
          91    -5.00688    -5.02427  0.00305701
          92    -5.04215    -5.02446  0.00302995
          93    -5.06592    -5.02491  0.00302998
          94    -4.99913    -5.02464  0.00301014
          95    -5.03487    -5.02474  0.00298038
          96    -5.05075    -5.02501  0.00296162
          97     -5.0663    -5.02544  0.00296152
          98    -5.05637    -5.02576  0.00294806
          99    -5.08612    -5.02637  0.00298068
         100    -5.05255    -5.02663  0.00296235
