           1    -4.23729    -4.23729           0
           2    -4.23623    -4.23676  0.00037427
           3    -4.23458    -4.23603 0.000644033
           4    -4.23376    -4.23546 0.000689231
           5     -4.2357    -4.23551 0.000553025
           6    -4.23547     -4.2355 0.000460898
           7    -4.23472    -4.23539  0.00040838
           8    -4.23787     -4.2357 0.000459846
           9     -4.2363    -4.23577  0.00041344
          10    -4.23502    -4.23569 0.000378823
          11    -4.23583    -4.23571 0.000344581
          12    -4.23528    -4.23567 0.000317707
          13    -4.23559    -4.23566 0.000293327
          14     -4.2363    -4.23571 0.000275903
          15    -4.23747    -4.23583 0.000281476
          16     -4.2375    -4.23593 0.000282711
          17    -4.23538     -4.2359 0.000267955
          18    -4.23463    -4.23583 0.000262201
          19    -4.23633    -4.23586  0.00024974
          20    -4.23548    -4.23584  0.00023796
          21    -4.23385    -4.23574 0.000244713
          22     -4.2341    -4.23567 0.000244707
          23     -4.2314    -4.23548 0.000296075
          24    -4.23679    -4.23554 0.000288695
          25    -4.23368    -4.23546 0.000286538
          26    -4.23564    -4.23547   0.0002756
          27    -4.23437    -4.23543 0.000268397
          28    -4.23644    -4.23546  0.00026124
          29    -4.23578    -4.23548 0.000252462
          30    -4.23254    -4.23538 0.000262293
          31    -4.23249    -4.23528 0.000269855
          32    -4.23298    -4.23521  0.00027082
          33    -4.23409    -4.23518 0.000264727
          34    -4.23462    -4.23516 0.000257451
          35    -4.23305     -4.2351  0.00025705
          36    -4.23474    -4.23509 0.000250109
          37    -4.23362    -4.23505 0.000246509
          38    -4.23613    -4.23508 0.000241656
          39    -4.23493    -4.23508 0.000235491
          40    -4.23643    -4.23511 0.000232009
          41    -4.23307    -4.23506 0.000231642
          42    -4.23242      -4.235 0.000234494
          43    -4.23665    -4.23504 0.000232154
          44    -4.23828    -4.23511 0.000238286
          45    -4.23825    -4.23518 0.000243026
          46    -4.23297    -4.23513 0.000242423
          47    -4.23542    -4.23514 0.000237345
          48    -4.23608    -4.23516  0.00023321
          49    -4.23531    -4.23516  0.00022847
          50    -4.23608    -4.23518  0.00022464
          51     -4.2359    -4.23519 0.000220681
          52     -4.2363    -4.23521 0.000217464
          53    -4.23711    -4.23525 0.000216276
          54    -4.23352    -4.23522 0.000214627
          55     -4.2312    -4.23514 0.000222793
          56    -4.23455    -4.23513 0.000219064
          57    -4.23609    -4.23515 0.000215864
          58     -4.2333    -4.23512 0.000214484
          59    -4.23491    -4.23512 0.000210878
          60    -4.23636    -4.23514 0.000208385
          61    -4.23746    -4.23517 0.000208432
          62    -4.23417    -4.23516 0.000205695
          63    -4.23836    -4.23521 0.000208598
          64    -4.23373    -4.23519 0.000206615
          65    -4.23352    -4.23516  0.00020502
          66    -4.23359    -4.23514 0.000203282
          67    -4.23594    -4.23515 0.000200605
          68     -4.2342    -4.23513 0.000198143
          69    -4.23548    -4.23514 0.000195333
          70    -4.23363    -4.23512 0.000193724
          71    -4.23452    -4.23511  0.00019118
          72    -4.23457     -4.2351 0.000188669
          73    -4.23446    -4.23509 0.000186291
          74    -4.23325    -4.23507 0.000185432
          75    -4.23578    -4.23508 0.000183203
          76     -4.2352    -4.23508 0.000180799
          77    -4.23668     -4.2351 0.000179637
          78    -4.23553    -4.23511 0.000177418
          79    -4.23327    -4.23508  0.00017669
          80    -4.23468    -4.23508 0.000174552
          81    -4.23294    -4.23505 0.000174376
          82    -4.23542    -4.23506 0.000172309
          83    -4.23509    -4.23506 0.000170233
          84    -4.23754    -4.23509  0.00017076
          85    -4.23667     -4.2351 0.000169763
          86    -4.23518    -4.23511 0.000167792
          87    -4.23379    -4.23509 0.000166547
          88    -4.23521    -4.23509  0.00016466
          89    -4.23599     -4.2351 0.000163121
          90    -4.23296    -4.23508 0.000163031
          91    -4.23282    -4.23505 0.000163116
          92    -4.23623    -4.23507 0.000161845
          93     -4.2382     -4.2351 0.000163566
          94     -4.2368    -4.23512 0.000162817
          95    -4.23938    -4.23516 0.000167175
          96    -4.23938    -4.23521 0.000171096
          97    -4.23638    -4.23522 0.000169756
          98    -4.23737    -4.23524 0.000169432
          99    -4.23405    -4.23523 0.000168146
         100    -4.23432    -4.23522 0.000166711
