           1    -5.46378    -5.46378           0
           2    -5.46286    -5.46332 0.000326252
           3    -5.44762    -5.45808  0.00427896
           4    -5.44041    -5.45367  0.00499421
           5    -5.44155    -5.45124  0.00454563
           6    -5.48247    -5.45645  0.00607646
           7    -5.45736    -5.45658   0.0052098
           8    -5.44838    -5.45555  0.00465818
           9    -5.47006    -5.45716  0.00441072
          10     -5.4619    -5.45764  0.00399493
          11    -5.45656    -5.45754  0.00363295
          12    -5.45335    -5.45719  0.00334691
          13    -5.45017    -5.45665  0.00313271
          14    -5.50842    -5.46035  0.00459983
          15    -5.46932    -5.46095  0.00433188
          16    -5.47332    -5.46172   0.0041296
          17    -5.46771    -5.46207  0.00390168
          18    -5.48147    -5.46315  0.00383078
          19    -5.49567    -5.46486  0.00399326
          20    -5.43249    -5.46324  0.00410864
          21    -5.46554    -5.46335  0.00391445
          22    -5.46541    -5.46345  0.00373763
          23    -5.46471     -5.4635  0.00357553
          24    -5.46635    -5.46362  0.00342852
          25    -5.44098    -5.46271  0.00340887
          26    -5.43762    -5.46175  0.00341164
          27    -5.47349    -5.46218  0.00331288
          28     -5.4534    -5.46187  0.00320938
          29    -5.44361    -5.46124  0.00315987
          30    -5.49201    -5.46227  0.00321674
          31    -5.48521    -5.46301  0.00319701
          32    -5.46818    -5.46317  0.00310119
          33    -5.46267    -5.46315  0.00300725
          34    -5.43286    -5.46226  0.00304797
          35    -5.47278    -5.46256  0.00297567
          36     -5.4737    -5.46287  0.00290904
          37    -5.45362    -5.46262  0.00284116
          38     -5.4674    -5.46275  0.00276917
          39    -5.48035     -5.4632   0.0027347
          40    -5.46806    -5.46332  0.00266903
          41    -5.45258    -5.46306  0.00261675
          42    -5.45077    -5.46277  0.00257076
          43    -5.46666    -5.46286  0.00251257
          44    -5.47431    -5.46312   0.0024689
          45    -5.46028    -5.46305  0.00241484
          46    -5.47276    -5.46326  0.00237155
          47     -5.4403    -5.46278  0.00237091
          48    -5.44089    -5.46232  0.00236494
          49    -5.47201    -5.46252  0.00232493
          50    -5.48058    -5.46288  0.00230634
          51    -5.47509    -5.46312  0.00227351
          52    -5.46204     -5.4631  0.00222988
          53    -5.45766      -5.463  0.00219017
          54    -5.48152    -5.46334  0.00217633
          55    -5.48414    -5.46372  0.00216937
          56    -5.46291     -5.4637  0.00213068
          57    -5.49448    -5.46424  0.00216063
          58    -5.47422    -5.46441  0.00213022
          59    -5.47586    -5.46461  0.00210293
          60      -5.442    -5.46423  0.00210136
          61    -5.44882    -5.46398  0.00208205
          62    -5.45722    -5.46387  0.00205132
          63    -5.48376    -5.46419  0.00204292
          64    -5.46975    -5.46427  0.00201285
          65    -5.47618    -5.46446   0.0019902
          66     -5.4757    -5.46463  0.00196732
          67    -5.45447    -5.46447  0.00194379
          68    -5.47672    -5.46465  0.00192352
          69    -5.42921    -5.46414  0.00196305
          70    -5.45626    -5.46403  0.00193823
          71    -5.48436    -5.46431  0.00193198
          72     -5.4836    -5.46458  0.00192363
          73    -5.44329    -5.46429  0.00191927
          74    -5.48876    -5.46462  0.00192161
          75     -5.4835    -5.46487   0.0019124
          76    -5.45055    -5.46468   0.0018965
          77    -5.48572    -5.46496  0.00189145
          78    -5.49041    -5.46528  0.00189513
          79    -5.48317    -5.46551  0.00188462
          80    -5.48677    -5.46578  0.00187971
          81    -5.46542    -5.46577   0.0018565
          82    -5.46676    -5.46578   0.0018339
          83     -5.4679    -5.46581  0.00181199
          84    -5.46734    -5.46583  0.00179051
          85    -5.47606    -5.46595  0.00177349
          86    -5.46292    -5.46591  0.00175321
          87    -5.48153    -5.46609  0.00174223
          88    -5.46372    -5.46607  0.00172264
          89    -5.49086    -5.46634  0.00172567
          90     -5.4551    -5.46622  0.00171101
          91    -5.44866    -5.46603  0.00170305
          92    -5.45159    -5.46587  0.00169175
          93    -5.45158    -5.46572  0.00168053
          94    -5.47364     -5.4658  0.00166476
          95    -5.48088    -5.46596  0.00165479
          96    -5.47474    -5.46605  0.00164008
          97    -5.49103    -5.46631  0.00164326
          98    -5.43398    -5.46598  0.00165927
          99    -5.50592    -5.46638  0.00169085
         100     -5.4607    -5.46632   0.0016749
