           1     1.38577     1.38577           0
           2     1.39057     1.38817  0.00169519
           3      1.4792     1.41851   0.0247996
           4     1.49082     1.43659   0.0243107
           5     1.52308     1.45389   0.0248516
           6     1.33209     1.43359   0.0277896
           7     1.39834     1.42855   0.0242717
           8     1.50854     1.43855    0.023206
           9       1.357     1.42949   0.0223268
          10     1.40026     1.42657   0.0202846
          11     1.44288     1.42805   0.0184946
          12     1.44848     1.42975   0.0170316
          13     1.47597     1.43331   0.0160882
          14     1.17995     1.41521   0.0229626
          15     1.40457      1.4145   0.0214427
          16     1.35627     1.41086   0.0204091
          17     1.39852     1.41013   0.0192215
          18     1.33441     1.40593   0.0186083
          19     1.25443     1.39795   0.0192615
          20     1.62703     1.40941   0.0214351
          21     1.33246     1.40574   0.0207252
          22     1.46883     1.40861   0.0199805
          23     1.43814      1.4099    0.019153
          24     1.37256     1.40834    0.018418
          25     1.53977      1.4136   0.0184163
          26     1.47742     1.41605   0.0178709
          27     1.38086     1.41475   0.0172565
          28     1.42349     1.41506    0.016643
          29      1.4832     1.41741   0.0162341
          30     1.30679     1.41372   0.0161063
          31     1.28592      1.4096   0.0161057
          32     1.37975     1.40867   0.0156294
          33     1.42965      1.4093   0.0151687
          34     1.58492     1.41447   0.0155772
          35     1.33197     1.41211   0.0153094
          36     1.33946     1.41009   0.0150166
          37     1.44718      1.4111   0.0146442
          38     1.43703     1.41178   0.0142747
          39       1.334     1.40978   0.0140473
          40     1.40187     1.40959   0.0136975
          41     1.46309     1.41089   0.0134254
          42     1.53208     1.41378   0.0134122
          43     1.36177     1.41257   0.0131548
          44     1.33097     1.41071   0.0129858
          45     1.41096     1.41072   0.0126973
          46     1.36781     1.40978   0.0124555
          47     1.48794     1.41145    0.012301
          48     1.52362     1.41378   0.0122647
          49      1.4035     1.41357   0.0120162
          50     1.30558     1.41142   0.0119684
          51     1.30855      1.4094   0.0119025
          52     1.41063     1.40942   0.0116736
          53     1.40126     1.40927   0.0114544
          54     1.25788     1.40646   0.0115803
          55     1.28129     1.40419   0.0115912
          56     1.42001     1.40447   0.0113876
          57     1.24555     1.40168   0.0115241
          58     1.31868     1.40025   0.0114139
          59     1.32473     1.39897    0.011292
          60     1.51063     1.40083   0.0112561
          61     1.44062     1.40149   0.0110905
          62      1.4495     1.40226   0.0109386
          63     1.28751     1.40044   0.0109155
          64     1.34771     1.39961    0.010776
          65     1.32213     1.39842    0.010676
          66     1.29617     1.39687   0.0106261
          67     1.42846     1.39734   0.0104779
          68     1.35559     1.39673   0.0103418
          69     1.55522     1.39903   0.0104439
          70     1.44639      1.3997   0.0103166
          71     1.32999     1.39872   0.0102179
          72     1.29257     1.39725   0.0101818
          73     1.49764     1.39862   0.0101348
          74     1.30952     1.39742   0.0100691
          75     1.29671     1.39608    0.010024
          76     1.42587     1.39647  0.00989973
          77     1.34025     1.39574  0.00979805
          78     1.21242     1.39339  0.00995031
          79     1.33444     1.39264   0.0098523
          80     1.29664     1.39144  0.00980194
          81     1.37519     1.39124  0.00968299
          82     1.36955     1.39098  0.00956851
          83      1.4041     1.39113  0.00945454
          84     1.35441      1.3907  0.00935208
          85     1.34426     1.39015    0.009258
          86     1.39666     1.39023  0.00915066
          87     1.34071     1.38966  0.00906316
          88     1.45022     1.39035  0.00898626
          89     1.24679     1.38873   0.0090289
          90     1.44724     1.38938  0.00895195
          91     1.44109     1.38995   0.0088716
          92     1.49396     1.39108  0.00884691
          93     1.44053     1.39161  0.00876775
          94     1.34647     1.39113  0.00868762
          95      1.3094     1.39027  0.00863867
          96     1.39497     1.39032  0.00854882
          97     1.26642     1.38904  0.00855559
          98      1.5675     1.39086   0.0086599
          99     1.15574     1.38849  0.00889213
         100     1.36146     1.38822  0.00880731
