           0           0           0
   0.0256496           0           0
   0.0512993           0           0
   0.0769489           0           0
    0.102599           0           0
    0.128248           0           0
    0.153898           0           0
    0.179547           0           0
    0.205197           0           0
    0.230847           0           0
    0.256496           0           0
    0.282146           0           0
    0.307796           0           0
    0.333445           0           0
    0.359095           0           0
    0.384745           0           0
    0.410394           0           0
    0.436044           0           0
    0.461694           0           0
    0.487343           0           0
    0.512993           0           0
    0.538642           0           0
    0.564292           0           0
    0.589942           0           0
    0.615591           0           0
    0.641241           0           0
    0.666891           0           0
     0.69254           0           0
     0.71819           0           0
     0.74384           0           0
    0.769489           0           0
    0.795139           0           0
    0.820788           0           0
    0.846438           0 6.05526e-06
    0.872088  0.00238434 5.40687e-05
    0.897737    0.021653 0.000245339
    0.923387    0.173039 0.000782068
    0.949037     0.56717  0.00181384
    0.974686     1.18355  0.00237302
     1.00034     1.84329  0.00286984
     1.02599     2.32909  0.00225558
     1.05164     2.53148  0.00215038
     1.07728     2.55638  0.00217386
     1.10293     2.37519  0.00226438
     1.12858     2.17947  0.00213772
     1.15423     1.98106  0.00202595
     1.17988     1.74169  0.00186476
     1.20553     1.55375  0.00194919
     1.23118     1.40082  0.00183866
     1.25683     1.24995  0.00153484
     1.28248      1.1221   0.0015163
     1.30813     1.03199  0.00132278
     1.33378    0.959547  0.00124075
     1.35943    0.874778  0.00115977
     1.38508    0.827132  0.00127012
     1.41073    0.783456  0.00105599
     1.43638    0.748822 0.000994592
     1.46203    0.709269  0.00099858
     1.48768    0.687716  0.00110062
     1.51333    0.686285 0.000958149
     1.53898    0.682813  0.00131565
     1.56463    0.675767  0.00122095
     1.59028    0.665941  0.00122601
     1.61593    0.696865  0.00112019
     1.64158    0.715648  0.00114209
     1.66723    0.724368  0.00108782
     1.69288    0.752015  0.00114641
     1.71853    0.775418  0.00111149
     1.74418    0.814709  0.00113478
     1.76983    0.856495   0.0010758
     1.79547    0.902583  0.00113821
     1.82112    0.933819  0.00112897
     1.84677    0.989374  0.00110119
     1.87242     1.01378  0.00114153
     1.89807     1.05176  0.00122227
     1.92372     1.08918  0.00113558
     1.94937     1.12929  0.00116716
     1.97502     1.15451  0.00105927
     2.00067     1.17187  0.00104155
     2.02632     1.20786  0.00102732
     2.05197     1.20491  0.00100648
     2.07762     1.20144  0.00107047
     2.10327     1.20084 0.000954212
     2.12892     1.18637  0.00110574
     2.15457     1.16866 0.000981715
     2.18022     1.13479 0.000998065
     2.20587     1.11405   0.0010285
     2.23152     1.08439 0.000864206
     2.25717     1.07262 0.000877599
     2.28282     1.03524   0.0009101
     2.30847     1.01769 0.000835751
     2.33412     1.00186  0.00091038
     2.35977    0.979389 0.000856722
     2.38542    0.960762 0.000779919
     2.41107    0.940609 0.000776848
     2.43672    0.931546 0.000823301
     2.46237    0.919608 0.000848538
     2.48802    0.901082 0.000815842
     2.51366    0.898326 0.000863118
     2.53931    0.894551 0.000858937
