0 -3.09418 4.83646
1 1.46196 3.92387
2 -3.39524 4.95205
3 -4.73724 4.47595
4 2.79885 5.28584
5 0.696068 4.44715
6 -2.35596 4.60249
7 0.374181 3.8694
8 4.07548 4.84252
9 -5.47684 4.42968
10 7.60502 3.10456
11 -4.39608 2.93664
12 5.93929 4.03749
13 6.38216 3.83719
14 -3.05152 3.9957
15 0.984736 5.91426
16 2.29891 5.82179
17 -4.76298 5.26474
18 -3.06151 3.83727
19 0.255697 4.38371
20 17.7634 5.57363
21 -8.21467 5.40352
22 0.208942 3.82323
23 9.1497 5.47741
24 8.26254 4.54786
25 2.10662 4.76563
26 1.34386 4.59676
27 3.65097 4.19482
28 2.56661 4.94227
29 6.13596 3.04366
30 1.88566 4.26222
31 5.21412 4.24783
32 -0.552703 4.87238
33 -1.65727 4.66142
34 2.31991 3.96367
35 4.44252 3.30482
36 3.67917 3.37358
37 -2.11685 4.84318
38 3.88264 5.30577
39 -0.598904 4.42592
40 2.63894 4.91188
41 7.23165 4.73669
42 3.57103 4.29383
43 5.78608 4.48058
44 -0.628296 3.4534
45 2.35876 3.50881
46 7.57069 4.58221
47 -5.29418 4.46783
48 -0.6928 4.95123
49 -2.44295 4.10491
50 0.116158 3.49197
51 3.93682 4.56363
52 2.28225 4.22614
53 6.6506 3.02949
54 -3.41215 4.43532
55 -2.87734 4.22884
56 8.45978 4.94368
57 5.59509 3.8023
58 3.53784 5.07679
59 0.681996 4.36628
60 1.31552 4.21433
61 -2.1575 4.22559
62 10.4119 4.66798
63 -2.50308 4.79712
64 -3.58638 4.92428
65 8.28216 4.23704
66 1.28523 4.99522
67 13.4532 4.08506
68 3.20915 4.0079
69 6.67211 3.1462
70 0.105249 3.55244
71 11.302 4.56432
72 -2.61446 4.88256
73 -2.86589 3.90239
74 1.70653 5.12671
75 8.32352 5.5013
76 2.40613 5.54691
77 10.0494 4.0524
78 -12.2097 3.50679
79 -0.888962 4.93317
80 -0.76781 4.25135
81 0.479686 4.25887
82 2.7639 4.58246
83 9.16096 4.67809
84 12.4563 4.32569
85 6.93658 4.41132
86 -2.76848 5.36363
87 1.09614 2.85844
88 3.50358 4.50781
89 9.60116 3.59194
90 -0.73968 4.7859
91 4.32827 3.7171
92 2.09246 4.83607
93 4.57748 3.35887
94 7.01743 3.29038
95 -0.58274 3.66046
96 1.83869 4.50042
97 -15.0169 3.55284
98 -1.02351 4.53258
99 2.57132 4.89981
100 4.19658 4.85354
101 0.571413 4.83991
102 11.5124 3.48208
103 0.551458 4.42752
104 -3.95814 3.8512
105 -4.29198 4.86716
106 -7.09003 5.52867
107 -1.00552 6.13175
108 -1.52182 3.8447
109 1.7666 4.51835
110 -1.6232 4.83897
111 -1.45775 5.38602
112 8.79926 4.27659
113 2.18828 5.28397
114 3.03679 6.17835
115 -5.47558 4.57012
116 1.72875 5.43575
117 5.37145 3.75779
118 -0.366619 5.09276
119 8.28989 4.89712
120 8.3469 5.00439
121 4.26072 3.92396
122 2.71696 5.29706
123 -1.92499 5.42881
124 5.54166 5.06307
125 -1.49604 3.74865
126 6.12253 5.39249
127 8.25828 4.00331
128 1.84662 4.77953
129 0.76457 4.76883
130 2.57042 4.07703
131 8.0695 3.65582
132 1.67357 3.47713
133 4.97698 4.55586
134 -6.601 5.41318
135 1.58354 2.96866
136 -0.956744 4.38978
137 4.08641 3.77379
138 -0.63224 3.40419
139 5.9629 3.69677
140 1.89051 3.90094
141 4.31104 4.15714
142 5.46952 3.41286
143 0.468024 4.92928
144 2.38617 3.42487
145 4.02299 4.40547
146 4.25473 3.36645
147 -3.9751 4.79493
148 -2.49977 3.58417
149 7.95116 4.61117
150 -1.27043 3.66197
151 2.82637 2.99753
152 3.66817 4.07485
153 8.38204 4.18603
154 7.92273 4.93622
155 12.1189 4.06622
156 0.72966 4.72499
157 -4.68479 4.41997
158 2.81963 4.1823
159 5.42161 4.7129
160 0.120806 4.69034
161 6.48787 4.85571
162 2.92138 5.24301
163 7.5354 4.85025
164 0.644184 4.55884
165 4.70614 5.57359
166 -7.08814 5.04327
167 3.60154 3.30053
168 0.194276 3.6491
169 8.18608 3.39432
170 4.03131 4.43684
171 5.54705 3.93696
172 2.6624 4.56614
173 9.46309 3.66588
174 4.57631 3.96443
175 4.43194 5.08924
176 2.1717 4.64966
177 4.53101 5.59677
178 4.56446 3.29758
179 5.55589 5.05743
180 1.58062 4.63995
181 1.42095 4.1421
182 0.586862 4.66152
183 3.37763 4.97998
184 -0.24577 4.01017
185 -1.36778 3.264
186 -2.03262 5.08695
187 0.203313 3.27507
188 7.40458 4.82093
189 0.783574 3.96941
190 5.26063 4.46566
191 3.83615 4.63339
192 -2.90909 3.25978
193 7.53715 5.22014
194 8.93027 5.67106
195 1.30826 3.10368
196 -5.97182 5.6511
197 9.18358 3.56455
198 5.66151 3.50349
199 1.20134 3.55777
200 0.842997 6.16435
201 0.0313887 4.36202
202 -3.63808 4.43015
203 3.29205 4.07337
204 1.67909 3.5709
205 -2.58682 3.63073
206 -2.81431 5.24601
207 3.7844 5.32025
208 -0.686657 6.18781
209 -1.76184 3.96858
210 4.25023 3.51825
211 -3.8305 4.55718
212 -4.04071 6.68425
213 6.03686 3.22133
214 -2.47112 4.1198
215 -1.72637 4.14058
216 9.40988 5.06728
217 -8.55552 2.89333
218 8.42018 4.1153
219 -3.74136 4.21327
220 3.77025 4.97855
221 4.39353 5.01822
222 5.73605 5.20974
223 1.27584 3.9372
224 -2.17883 4.893
225 -1.19193 3.51526
226 1.23514 5.2993
227 6.37351 5.05667
228 7.22402 3.8384
229 -2.50271 3.72298
230 -3.41531 4.63507
231 2.95601 3.91358
232 1.80762 4.42043
233 0.376506 3.72071
234 -0.698981 2.77504
235 5.66518 4.05319
236 -0.283855 4.13616
237 6.36767 4.1798
238 5.19331 5.96303
239 1.47102 2.73292
240 1.6886 5.43354
241 0.3392 3.42037
242 0.96211 4.42331
243 7.66468 3.21901
244 3.40376 3.19463
245 6.028 4.53941
246 4.64855 5.337
247 4.0164 4.9207
248 2.97512 4.53521
249 -0.237468 4.00562
250 -1.70503 4.50382
251 4.27476 5.1199
252 -2.17818 4.05112
253 3.6707 4.08054
254 6.36453 5.71478
255 2.81569 5.04104
256 -4.73253 6.37294
257 -1.7894 4.38657
258 -7.20729 5.89747
259 12.4353 5.17607
260 3.80632 4.70569
261 3.86715 4.35042
262 2.17426 4.47082
263 -0.0725242 2.83455
264 0.819867 4.43616
265 5.72006 4.24419
266 4.48008 5.01786
267 -5.90657 3.70985
268 -1.01735 4.29726
269 -0.331056 4.60335
270 4.25411 5.54069
271 3.83353 4.67262
272 4.00474 5.25894
273 5.24818 3.3861
274 -0.484072 3.92054
275 5.51251 3.98515
276 9.70404 3.64356
277 1.89963 4.15719
278 3.77792 5.14178
279 -2.24483 5.79966
280 -1.51521 5.16082
281 3.73627 3.60703
282 -0.220408 4.79891
283 2.40595 4.50249
284 2.79573 4.11303
285 5.23406 4.38571
286 5.36016 3.7403
287 -2.14455 4.75531
288 3.92438 5.69584
289 16.3741 3.41373
290 -2.96893 4.10239
291 1.39785 4.89762
292 -1.92913 5.08328
293 0.224249 4.11295
294 -2.0075 5.17072
295 1.31847 5.1084
296 -7.26686 3.68646
297 0.739321 3.21408
298 -1.96545 4.62654
299 11.3957 4.23878
