                   1           -0.305683           -0.305683                   0
                   2           -0.360121           -0.332902            0.019247
                   3            -0.36076           -0.342188            0.014904
                   4           -0.328776           -0.338835            0.011549
                   5           -0.348891           -0.340846          0.00941269
                   6           -0.398941           -0.350529           0.0118175
                   7            -0.39793             -0.3573           0.0119124
                   8            -0.38453           -0.360704           0.0108988
                   9            -0.34824           -0.359319          0.00977541
                  10           -0.328788           -0.356266           0.0092624
                  11           -0.367558           -0.357293          0.00847706
                  12            -0.39627           -0.360541          0.00836982
                  13             -0.3942            -0.36313           0.0081166
                  14           -0.413781           -0.366748          0.00830413
                  15           -0.379602           -0.367605          0.00779461
                  16           -0.365105           -0.367448          0.00730901
                  17           -0.377646           -0.368048          0.00690364
                  18           -0.399577             -0.3698          0.00673865
                  19           -0.430733           -0.373007          0.00710626
                  20           -0.439782           -0.376346          0.00749434
                  21           -0.457189           -0.380195          0.00806584
                  22           -0.495915           -0.385455          0.00925676
                  23           -0.471874           -0.389213          0.00958656
                  24           -0.403553            -0.38981          0.00920573
                  25           -0.332792           -0.387529          0.00911565
                  26           -0.336493           -0.385567          0.00897391
                  27           -0.367126           -0.384884          0.00866749
                  28           -0.419477           -0.386119          0.00844553
                  29           -0.355576           -0.385066          0.00821972
                  30           -0.313347           -0.382675          0.00828608
                  31           -0.340271           -0.381307          0.00813091
                  32           -0.410836            -0.38223          0.00792901
                  33           -0.368936           -0.381827          0.00769897
                  34           -0.398314           -0.382312          0.00748778
                  35            -0.39634           -0.382713          0.00728456
                  36           -0.376996           -0.382554          0.00708394
                  37           -0.402376            -0.38309          0.00691271
                  38           -0.377392            -0.38294          0.00673243
                  39           -0.368969           -0.382582          0.00656932
                  40           -0.375854           -0.382413          0.00640724
                  41           -0.388082           -0.382552          0.00625246
                  42           -0.403223           -0.383044          0.00612293
                  43           -0.439569           -0.384358          0.00612002
                  44           -0.462076           -0.386125          0.00623061
                  45           -0.466155           -0.387903          0.00634089
                  46             -0.4796           -0.389897          0.00650885
                  47           -0.453583           -0.391252          0.00650988
                  48           -0.384663           -0.391114          0.00637571
                  49           -0.402574           -0.391348          0.00624988
                  50           -0.429656           -0.392114          0.00617166
                  51           -0.419259           -0.392647          0.00607356
                  52           -0.468983           -0.394115          0.00613161
                  53           -0.382697           -0.393899           0.0060197
                  54           -0.373951            -0.39353          0.00591955
                  55           -0.392511           -0.393511          0.00581195
                  56           -0.383002           -0.393324          0.00571119
                  57           -0.425034            -0.39388          0.00563803
                  58           -0.406895           -0.394104          0.00554528
                  59           -0.402741           -0.394251          0.00545323
                  60           -0.367853           -0.393811          0.00538006
                  61           -0.343475           -0.392986          0.00535477
                  62           -0.403503           -0.393155          0.00527109
                  63           -0.407058           -0.393376          0.00519203
                  64           -0.391188           -0.393342          0.00511102
                  65           -0.394385           -0.393358          0.00503242
                  66            -0.37336           -0.393055          0.00496528
                  67           -0.379861           -0.392858          0.00489507
                  68           -0.365684           -0.392458          0.00483937
                  69           -0.420155            -0.39286          0.00478585
                  70           -0.409096           -0.393092           0.0047231
                  71           -0.420304           -0.393475           0.0046721
                  72           -0.389489            -0.39342          0.00460754
                  73           -0.418689           -0.393766          0.00455741
                  74           -0.407446           -0.393951          0.00449957
                  75           -0.369802           -0.393629          0.00445108
                  76           -0.359212           -0.393176          0.00441549
                  77           -0.370731           -0.392884          0.00436776
                  78           -0.378888           -0.392705          0.00431545
                  79           -0.398901           -0.392783          0.00426153
                  80             -0.4297           -0.393245          0.00423318
                  81           -0.373374           -0.392999          0.00418802
                  82           -0.342794           -0.392387          0.00418146
                  83           -0.396884           -0.392441          0.00413143
                  84           -0.439642           -0.393003          0.00412028
                  85           -0.456619           -0.393752          0.00413922
                  86           -0.436035           -0.394243          0.00412019
                  87           -0.483727           -0.395272          0.00419925
                  88           -0.435786           -0.395732          0.00417669
                  89           -0.423914           -0.396049          0.00414175
                  90           -0.435226           -0.396484          0.00411854
                  91           -0.484913           -0.397456          0.00418635
                  92           -0.480532           -0.398359          0.00423712
                  93           -0.473478           -0.399167          0.00426785
                  94           -0.440691           -0.399608          0.00424525
                  95           -0.415746           -0.399778          0.00420396
                  96           -0.419242           -0.399981          0.00416505
                  97           -0.415072           -0.400137          0.00412502
                  98           -0.426701           -0.400408          0.00409182
                  99           -0.427001           -0.400676           0.0040593
                 100           -0.432488           -0.400994          0.00403115
