                   1           -0.302332           -0.302332                   0
                   2            -0.35677           -0.329551            0.019247
                   3           -0.357409           -0.338837            0.014904
                   4           -0.325425           -0.335484            0.011549
                   5            -0.34554           -0.337495          0.00941269
                   6            -0.39559           -0.347178           0.0118175
                   7           -0.394579           -0.353949           0.0119124
                   8           -0.381179           -0.357353           0.0108988
                   9           -0.344889           -0.355968          0.00977541
                  10           -0.325437           -0.352915           0.0092624
                  11           -0.364207           -0.353942          0.00847706
                  12           -0.392919            -0.35719          0.00836982
                  13           -0.390849           -0.359779           0.0081166
                  14            -0.41043           -0.363397          0.00830413
                  15           -0.376251           -0.364254          0.00779461
                  16           -0.361754           -0.364098          0.00730901
                  17           -0.374295           -0.364697          0.00690364
                  18           -0.396226           -0.366449          0.00673865
                  19           -0.427382           -0.369656          0.00710626
                  20           -0.436431           -0.372995          0.00749434
                  21           -0.453838           -0.376844          0.00806584
                  22           -0.492564           -0.382104          0.00925676
                  23           -0.468523           -0.385862          0.00958656
                  24           -0.400202           -0.386459          0.00920573
                  25           -0.329441           -0.384179          0.00911565
                  26           -0.333142           -0.382216          0.00897391
                  27           -0.363775           -0.381533          0.00866749
                  28           -0.416126           -0.382768          0.00844553
                  29           -0.352225           -0.381715          0.00821972
                  30           -0.309996           -0.379324          0.00828608
                  31            -0.33692           -0.377956          0.00813091
                  32           -0.407485           -0.378879          0.00792901
                  33           -0.365585           -0.378476          0.00769897
                  34           -0.394963           -0.378961          0.00748778
                  35           -0.392989           -0.379362          0.00728456
                  36           -0.373645           -0.379203          0.00708394
                  37           -0.399025           -0.379739          0.00691271
                  38           -0.374041           -0.379589          0.00673243
                  39           -0.365618           -0.379231          0.00656932
                  40           -0.372503           -0.379062          0.00640724
                  41           -0.384731           -0.379201          0.00625246
                  42           -0.399872           -0.379693          0.00612293
                  43           -0.436218           -0.381007          0.00612002
                  44           -0.458726           -0.382774          0.00623061
                  45           -0.462804           -0.384552          0.00634089
                  46           -0.476249           -0.386546          0.00650885
                  47           -0.450232           -0.387901          0.00650988
                  48           -0.381312           -0.387763          0.00637571
                  49           -0.399223           -0.387997          0.00624988
                  50           -0.426305           -0.388763          0.00617166
                  51           -0.415909           -0.389296          0.00607356
                  52           -0.465632           -0.390764          0.00613161
                  53           -0.379346           -0.390548           0.0060197
                  54             -0.3706           -0.390179          0.00591955
                  55            -0.38916            -0.39016          0.00581195
                  56           -0.379651           -0.389973          0.00571119
                  57           -0.421683           -0.390529          0.00563803
                  58           -0.403544           -0.390753          0.00554528
                  59            -0.39939             -0.3909          0.00545323
                  60           -0.364502            -0.39046          0.00538006
                  61           -0.340124           -0.389635          0.00535477
                  62           -0.400152           -0.389804          0.00527109
                  63           -0.403707           -0.390025          0.00519203
                  64           -0.387837           -0.389991          0.00511102
                  65           -0.391034           -0.390007          0.00503242
                  66           -0.370009           -0.389704          0.00496528
                  67            -0.37651           -0.389507          0.00489507
                  68           -0.362333           -0.389107          0.00483937
                  69           -0.416804           -0.389509          0.00478585
                  70           -0.405745           -0.389741           0.0047231
                  71           -0.416953           -0.390124           0.0046721
                  72           -0.386138           -0.390069          0.00460754
                  73           -0.415338           -0.390415          0.00455741
                  74           -0.404095             -0.3906          0.00449957
                  75           -0.366451           -0.390278          0.00445108
                  76           -0.355861           -0.389825          0.00441549
                  77            -0.36738           -0.389533          0.00436776
                  78           -0.375537           -0.389354          0.00431545
                  79            -0.39555           -0.389432          0.00426153
                  80           -0.426349           -0.389894          0.00423318
                  81           -0.370023           -0.389648          0.00418802
                  82           -0.339443           -0.389036          0.00418146
                  83           -0.393533            -0.38909          0.00413143
                  84           -0.436291           -0.389652          0.00412028
                  85           -0.453268           -0.390401          0.00413922
                  86           -0.432684           -0.390892          0.00412019
                  87           -0.480376           -0.391921          0.00419925
                  88           -0.432435           -0.392381          0.00417669
                  89           -0.420563           -0.392698          0.00414175
                  90           -0.431875           -0.393133          0.00411854
                  91           -0.481562           -0.394105          0.00418635
                  92           -0.477181           -0.395008          0.00423712
                  93           -0.470127           -0.395816          0.00426785
                  94            -0.43734           -0.396257          0.00424525
                  95           -0.412395           -0.396427          0.00420396
                  96           -0.415891            -0.39663          0.00416505
                  97           -0.411721           -0.396786          0.00412502
                  98            -0.42335           -0.397057          0.00409182
                  99            -0.42365           -0.397325           0.0040593
                 100           -0.429137           -0.397643          0.00403115
