                   1             1.40716             1.40716                   0
                   2             1.40711             1.40713         2.00826e-05
                   3             1.40718             1.40715         1.86805e-05
                   4             1.40706             1.40713         2.44743e-05
                   5             1.40702              1.4071         2.73357e-05
                   6             1.40702             1.40709         2.62193e-05
                   7             1.40707             1.40709         2.26146e-05
                   8             1.40719              1.4071         2.29166e-05
                   9              1.4072             1.40711         2.28455e-05
                  10             1.40717             1.40712         2.11953e-05
                  11             1.40714             1.40712         1.94218e-05
                  12             1.40724             1.40713          2.0198e-05
                  13             1.40732             1.40714         2.32464e-05
                  14              1.4073             1.40715         2.41795e-05
                  15              1.4072             1.40716         2.27844e-05
                  16             1.40715             1.40716         2.13617e-05
                  17             1.40708             1.40715         2.06002e-05
                  18             1.40696             1.40714          2.2161e-05
                  19             1.40682             1.40713         2.66748e-05
                  20             1.40682             1.40711         2.93175e-05
                  21             1.40668             1.40709         3.43303e-05
                  22             1.40672             1.40707         3.67226e-05
                  23             1.40701             1.40707         3.52387e-05
                  24             1.40702             1.40707         3.38241e-05
                  25             1.40708             1.40707         3.24762e-05
                  26              1.4071             1.40707         3.12489e-05
                  27             1.40713             1.40707         3.01753e-05
                  28             1.40726             1.40708         2.98378e-05
                  29             1.40726             1.40709          2.9431e-05
                  30             1.40725             1.40709         2.89746e-05
                  31             1.40716             1.40709         2.81187e-05
                  32             1.40722              1.4071         2.75346e-05
                  33             1.40716              1.4071         2.67704e-05
                  34             1.40725              1.4071         2.63635e-05
                  35             1.40718             1.40711         2.56911e-05
                  36              1.4072             1.40711         2.51081e-05
                  37             1.40711             1.40711         2.44296e-05
                  38             1.40706             1.40711         2.38245e-05
                  39             1.40701              1.4071         2.33429e-05
                  40             1.40691              1.4071         2.32812e-05
                  41             1.40692             1.40709         2.31111e-05
                  42             1.40697             1.40709         2.27611e-05
                  43             1.40701             1.40709         2.23136e-05
                  44             1.40702             1.40709         2.18552e-05
                  45             1.40703             1.40709         2.14084e-05
                  46             1.40714             1.40709         2.09769e-05
                  47             1.40722             1.40709         2.07153e-05
                  48             1.40714             1.40709         2.03071e-05
                  49             1.40709             1.40709         1.98927e-05
                  50             1.40713             1.40709         1.95098e-05
                  51             1.40707             1.40709         1.91347e-05
                  52             1.40705             1.40709          1.8785e-05
                  53             1.40714             1.40709         1.84548e-05
                  54             1.40704             1.40709         1.81378e-05
                  55             1.40693             1.40709         1.80434e-05
                  56             1.40688             1.40708         1.80997e-05
                  57             1.40685             1.40708         1.82407e-05
                  58             1.40694             1.40708         1.80886e-05
                  59             1.40697             1.40708         1.78708e-05
                  60             1.40699             1.40707          1.7636e-05
                  61             1.40703             1.40707         1.73659e-05
                  62             1.40705             1.40707         1.70921e-05
                  63             1.40722             1.40708         1.69765e-05
                  64             1.40717             1.40708          1.6778e-05
                  65             1.40719             1.40708         1.66154e-05
                  66             1.40713             1.40708         1.63835e-05
                  67             1.40715             1.40708         1.61753e-05
                  68             1.40712             1.40708         1.59502e-05
                  69              1.4072             1.40708         1.58092e-05
                  70             1.40721             1.40709         1.56912e-05
                  71             1.40719             1.40709         1.55359e-05
                  72             1.40718             1.40709         1.53774e-05
                  73             1.40717             1.40709         1.52048e-05
                  74             1.40726             1.40709         1.51668e-05
                  75             1.40718             1.40709         1.50118e-05
                  76             1.40724             1.40709          1.4945e-05
                  77             1.40718              1.4071         1.47905e-05
                  78             1.40714              1.4071         1.46104e-05
                  79             1.40706              1.4071         1.44341e-05
                  80             1.40721              1.4071         1.43213e-05
                  81             1.40718              1.4071         1.41808e-05
                  82             1.40717              1.4071         1.40385e-05
                  83             1.40718              1.4071         1.39025e-05
                  84              1.4072              1.4071         1.37848e-05
                  85              1.4072              1.4071         1.36696e-05
                  86             1.40707              1.4071         1.35173e-05
                  87             1.40706              1.4071         1.33701e-05
                  88             1.40709              1.4071          1.3219e-05
                  89             1.40707              1.4071         1.30741e-05
                  90             1.40711              1.4071         1.29294e-05
                  91             1.40713              1.4071         1.27903e-05
                  92             1.40718              1.4071         1.26765e-05
                  93             1.40721              1.4071          1.2593e-05
                  94             1.40724              1.4071          1.2548e-05
                  95             1.40709              1.4071         1.24168e-05
                  96             1.40714             1.40711         1.22923e-05
                  97               1.407              1.4071          1.2213e-05
                  98               1.407              1.4071         1.21306e-05
                  99             1.40712              1.4071         1.20091e-05
                 100             1.40702              1.4071         1.19185e-05
