                   1             1.13966             1.13966                   0
                   2             1.17592             1.15779           0.0128179
                   3             1.17639             1.16399          0.00993276
                   4             1.15499             1.16174          0.00770035
                   5             1.16837             1.16307           0.0062735
                   6             1.20174             1.16951          0.00787096
                   7              1.2011             1.17402          0.00793536
                   8             1.19224              1.1763          0.00726289
                   9             1.16806             1.17539           0.0065134
                  10             1.15507             1.17335          0.00617083
                  11              1.1809             1.17404          0.00564786
                  12             1.20011             1.17621          0.00557925
                  13             1.19878             1.17795          0.00541336
                  14             1.21182             1.18037          0.00554107
                  15             1.18897             1.18094          0.00520126
                  16             1.17927             1.18084          0.00487722
                  17             1.18758             1.18123          0.00460645
                  18             1.20212             1.18239          0.00449432
                  19              1.2228             1.18452          0.00473431
                  20             1.22884             1.18674          0.00498922
                  21             1.24035             1.18929          0.00536513
                  22             1.26619             1.19278          0.00615544
                  23             1.25035             1.19529          0.00637642
                  24             1.20482             1.19568          0.00612309
                  25             1.15768             1.19416          0.00606392
                  26             1.16016             1.19286          0.00597006
                  27              1.1806              1.1924          0.00576617
                  28             1.21559             1.19323          0.00561939
                  29             1.17299             1.19253           0.0054688
                  30             1.14483             1.19094          0.00551281
                  31             1.16272             1.19003          0.00540964
                  32             1.20981             1.19065          0.00527576
                  33             1.18183             1.19038          0.00512266
                  34             1.20148             1.19071          0.00498237
                  35             1.20011             1.19098          0.00484725
                  36             1.18723             1.19087          0.00471372
                  37             1.20409             1.19123          0.00459983
                  38              1.1874             1.19113          0.00447989
                  39             1.18175             1.19089          0.00437147
                  40             1.18627             1.19077          0.00426371
                  41             1.19444             1.19086          0.00416065
                  42             1.20456             1.19119          0.00407435
                  43             1.22882             1.19206          0.00407248
                  44             1.24383             1.19324           0.0041464
                  45             1.24656             1.19443          0.00422013
                  46             1.25559             1.19576          0.00433283
                  47              1.2383             1.19666          0.00433416
                  48              1.1923             1.19657          0.00424482
                  49             1.20421             1.19673          0.00416106
                  50             1.22229             1.19724          0.00410913
                  51             1.21532             1.19759          0.00404382
                  52             1.24845             1.19857          0.00408263
                  53             1.19099             1.19843           0.0040081
                  54             1.18509             1.19818          0.00394148
                  55             1.19739             1.19817          0.00386984
                  56             1.19102             1.19804          0.00380284
                  57             1.21902             1.19841           0.0037539
                  58             1.20699             1.19855          0.00369209
                  59             1.20424             1.19865          0.00363077
                  60             1.18099             1.19836          0.00358217
                  61             1.16477             1.19781          0.00356552
                  62              1.2048             1.19792          0.00350979
                  63             1.20728             1.19807          0.00345723
                  64             1.19667             1.19805          0.00340328
                  65             1.19882             1.19806          0.00335094
                  66             1.18476             1.19786          0.00330622
                  67             1.18911             1.19773          0.00325945
                  68             1.17964             1.19746          0.00322235
                  69               1.216             1.19773          0.00318683
                  70             1.20864             1.19788          0.00314512
                  71             1.21609             1.19814          0.00311126
                  72             1.19555              1.1981          0.00306826
                  73               1.215             1.19834          0.00303494
                  74             1.20757             1.19846          0.00299649
                  75             1.18242             1.19825          0.00296416
                  76              1.1754             1.19795          0.00294036
                  77             1.18304             1.19775          0.00290854
                  78             1.18845             1.19763           0.0028737
                  79             1.20174             1.19769          0.00283779
                  80             1.22237             1.19799          0.00281905
                  81              1.1848             1.19783          0.00278894
                  82             1.16441             1.19742          0.00278455
                  83             1.20047             1.19746          0.00275124
                  84             1.22899             1.19784          0.00274398
                  85             1.24031             1.19834          0.00275682
                  86              1.2265             1.19866          0.00274415
                  87             1.25829             1.19935          0.00279689
                  88             1.22635             1.19966          0.00278189
                  89             1.21842             1.19987          0.00275861
                  90             1.22599             1.20016          0.00274319
                  91             1.25913              1.2008          0.00278853
                  92             1.25624             1.20141          0.00282257
                  93             1.25156             1.20195          0.00284327
                  94             1.22972             1.20224          0.00282833
                  95             1.21299             1.20235          0.00280082
                  96             1.21535             1.20249          0.00277492
                  97             1.21248             1.20259          0.00274822
                  98             1.22024             1.20277          0.00272607
                  99             1.22051             1.20295          0.00270442
                 100              1.2241             1.20316          0.00268563
