                   1           0.0446624           0.0446624                   0
                   2           0.0503403           0.0475014          0.00200744
                   3           0.0434604           0.0461544          0.00173223
                   4           0.0483534           0.0467041          0.00138367
                   5           0.0478254           0.0469284          0.00112496
                   6           0.0503669           0.0475015          0.00107356
                   7           0.0443842           0.0470562          0.00100833
                   8           0.0527732           0.0477708          0.00110694
                   9           0.0468766           0.0476714         0.000988391
                  10           0.0459261           0.0474969          0.00090483
                  11           0.0487592           0.0476117         0.000829818
                  12           0.0469631           0.0475576         0.000762424
                  13           0.0461996           0.0474532         0.000710896
                  14            0.046308           0.0473714         0.000664807
                  15           0.0455803            0.047252         0.000631118
                  16           0.0440596           0.0470524         0.000622413
                  17            0.045499           0.0469611          0.00059247
                  18           0.0435091           0.0467693         0.000589777
                  19           0.0491876           0.0468966         0.000572306
                  20           0.0462078           0.0468621         0.000544726
                  21           0.0422973           0.0466448         0.000560482
                  22           0.0501087           0.0468022         0.000556683
                  23           0.0476071           0.0468372         0.000533578
                  24           0.0439876           0.0467185          0.00052439
                  25           0.0423743           0.0465447         0.000531426
                  26           0.0440349           0.0464482          0.00051968
                  27           0.0452747           0.0464047         0.000502246
                  28           0.0482064           0.0464691         0.000488414
                  29           0.0468966           0.0464838         0.000471794
                  30           0.0483048           0.0465445         0.000459956
                  31           0.0482961            0.046601         0.000448576
                  32           0.0473801           0.0466253         0.000435218
                  33            0.047044            0.046638         0.000422215
                  34           0.0455644           0.0466065         0.000410976
                  35           0.0472691           0.0466254         0.000399669
                  36           0.0471416           0.0466397         0.000388825
                  37           0.0428595           0.0465376         0.000391509
                  38           0.0438143           0.0464659         0.000387709
                  39           0.0484412           0.0465165         0.000381062
                  40           0.0437393           0.0464471         0.000377808
                  41           0.0442351           0.0463932         0.000372425
                  42           0.0453252           0.0463677         0.000364425
                  43           0.0419442           0.0462649         0.000370185
                  44           0.0497355           0.0463437          0.00037008
                  45           0.0488857           0.0464002         0.000366142
                  46           0.0417817           0.0462998         0.000371694
                  47           0.0481015           0.0463382         0.000365757
                  48            0.042519           0.0462586         0.000366689
                  49           0.0430962           0.0461941         0.000364841
                  50           0.0455746           0.0461817         0.000357754
                  51           0.0429634           0.0461186         0.000356261
                  52           0.0491605           0.0461771          0.00035418
                  53           0.0461891           0.0461773         0.000347498
                  54           0.0461338           0.0461765         0.000341064
                  55           0.0467497           0.0461869         0.000335022
                  56           0.0399074           0.0460748         0.000347299
                  57           0.0477799           0.0461047         0.000342492
                  58           0.0434697           0.0460593         0.000339586
                  59            0.046341            0.046064         0.000333864
                  60           0.0536473           0.0461904         0.000351409
                  61           0.0479067           0.0462186         0.000346773
                  62           0.0487112           0.0462588         0.000343503
                  63           0.0447289           0.0462345         0.000338907
                  64             0.04169           0.0461635          0.00034097
                  65           0.0523973           0.0462594         0.000348951
                  66           0.0412291           0.0461832         0.000351889
                  67           0.0472503           0.0461991         0.000346997
                  68           0.0441058           0.0461683         0.000343257
                  69           0.0462353           0.0461693         0.000338284
                  70            0.045014           0.0461528         0.000333853
                  71           0.0443499           0.0461274         0.000330115
                  72           0.0447446           0.0461082         0.000326089
                  73           0.0441806           0.0460818         0.000322689
                  74           0.0443681           0.0460586         0.000319158
                  75           0.0479414           0.0460837         0.000315889
                  76           0.0490818           0.0461232         0.000314186
                  77           0.0505139           0.0461802         0.000315238
                  78           0.0460361           0.0461783         0.000311201
                  79           0.0522784           0.0462555         0.000316697
                  80           0.0478423           0.0462754         0.000313359
                  81           0.0489518           0.0463084         0.000311227
                  82           0.0404626           0.0462371         0.000315491
                  83            0.047637            0.046254          0.00031214
                  84           0.0409397           0.0461907         0.000314771
                  85           0.0457452           0.0461855         0.000311111
                  86           0.0400086           0.0461137         0.000315675
                  87           0.0497947            0.046156          0.00031487
                  88           0.0459074           0.0461532         0.000311304
                  89           0.0488889           0.0461839          0.00030932
                  90           0.0441776           0.0461616         0.000306686
                  91            0.046625           0.0461667         0.000303358
                  92           0.0427617           0.0461297          0.00030231
                  93           0.0464324           0.0461329         0.000299077
                  94           0.0467705           0.0461397         0.000295972
                  95           0.0452839           0.0461307         0.000292993
                  96           0.0455923           0.0461251         0.000289995
                  97           0.0463816           0.0461277         0.000287017
                  98           0.0458986           0.0461254         0.000284098
                  99            0.048756            0.046152         0.000282468
                 100           0.0449669           0.0461401         0.000279892
