           1   0.0496256   0.0496256           0
           2   0.0485929   0.0491093 0.000365101
           3   0.0488077   0.0490087 0.000256867
           4   0.0489753   0.0490004 0.000192787
           5   0.0490237    0.049005 0.000154286
           6   0.0490263   0.0490086 0.000128612
           7   0.0491445    0.049028 0.000111695
           8   0.0495466   0.0490928 0.000115019
           9   0.0486254   0.0490409  0.00011336
          10   0.0489705   0.0490338 0.000102243
          11   0.0497345   0.0490975  0.00011103
          12   0.0486621   0.0490612 0.000107545
          13   0.0491886    0.049071 9.97172e-05
          14   0.0489915   0.0490654 9.27563e-05
          15   0.0492059   0.0490747 8.70446e-05
          16   0.0494389   0.0490975 8.45271e-05
          17    0.048616   0.0490692 8.41658e-05
          18   0.0491097   0.0490714 7.95201e-05
          19   0.0490634    0.049071 7.53359e-05
          20   0.0489932   0.0490671 7.16694e-05
          21   0.0486723   0.0490483 7.06798e-05
          22   0.0486666    0.049031 6.95643e-05
          23   0.0492529   0.0490406 6.72056e-05
          24    0.048724   0.0490274 6.56877e-05
          25   0.0492164    0.049035 6.34937e-05
          26   0.0490109   0.0490341 6.10584e-05
          27   0.0490314    0.049034  5.8797e-05
          28   0.0483167   0.0490083 6.20261e-05
          29   0.0491911   0.0490146 6.02066e-05
          30   0.0489528   0.0490126  5.8235e-05
          31   0.0496678   0.0490337 6.00695e-05
          32   0.0490677   0.0490348 5.82017e-05
          33    0.048855   0.0490293 5.66924e-05
          34   0.0489325   0.0490265 5.50964e-05
          35   0.0488398   0.0490211 5.37799e-05
          36   0.0486761   0.0490116 5.31332e-05
          37   0.0489645   0.0490103 5.17123e-05
          38   0.0481456   0.0489875 5.51315e-05
          39   0.0496477   0.0490045 5.62567e-05
          40   0.0491147   0.0490072 5.49178e-05
          41   0.0496084   0.0490219 5.55015e-05
          42   0.0490288    0.049022 5.41803e-05
          43   0.0491625   0.0490253 5.30186e-05
          44   0.0489379   0.0490233 5.18509e-05
          45   0.0497732     0.04904 5.33094e-05
          46   0.0491111   0.0490415 5.21729e-05
          47   0.0487064   0.0490344 5.15478e-05
          48   0.0490887   0.0490355 5.04863e-05
          49   0.0487832   0.0490304 4.97179e-05
          50   0.0488911   0.0490276 4.88015e-05
          51   0.0492652   0.0490323 4.80666e-05
          52   0.0494957   0.0490412 4.79614e-05
          53   0.0487538   0.0490357  4.7362e-05
          54   0.0490278   0.0490356 4.64852e-05
          55   0.0489313   0.0490337 4.56786e-05
          56   0.0488003   0.0490295 4.50527e-05
          57   0.0494432   0.0490368 4.48429e-05
          58   0.0488712   0.0490339 4.41606e-05
          59   0.0484564   0.0490241 4.44837e-05
          60   0.0489017   0.0490221 4.37891e-05
          61   0.0494058   0.0490284 4.35207e-05
          62   0.0485704    0.049021 4.34411e-05
          63   0.0490101   0.0490208 4.27519e-05
          64   0.0487852   0.0490172 4.22421e-05
          65   0.0491272   0.0490189 4.16262e-05
          66   0.0493451   0.0490238  4.1288e-05
          67    0.049165   0.0490259 4.07255e-05
          68   0.0490522   0.0490263 4.01284e-05
          69    0.048946   0.0490251 3.95637e-05
          70   0.0486042   0.0490191 3.94527e-05
          71   0.0490947   0.0490202 3.89114e-05
          72   0.0487326   0.0490162 3.85754e-05
          73   0.0490687   0.0490169 3.80537e-05
          74   0.0492976   0.0490207 3.77281e-05
          75   0.0487194   0.0490167 3.74383e-05
          76   0.0498719   0.0490279    3.86e-05
          77   0.0491709   0.0490298 3.81433e-05
          78   0.0495171    0.049036 3.81625e-05
          79    0.048973   0.0490352 3.76877e-05
          80   0.0488301   0.0490327 3.73038e-05
          81   0.0489947   0.0490322 3.68462e-05
          82   0.0489392   0.0490311 3.64143e-05
          83   0.0486062    0.049026 3.63335e-05
          84   0.0495462   0.0490321  3.6425e-05
          85   0.0487092   0.0490283 3.61941e-05
          86   0.0492151   0.0490305 3.58383e-05
          87   0.0490134   0.0490303 3.54269e-05
          88   0.0492148   0.0490324 3.50863e-05
          89   0.0487362   0.0490291 3.48495e-05
          90   0.0491569   0.0490305 3.44912e-05
          91   0.0485721   0.0490255 3.44782e-05
          92   0.0486289   0.0490212 3.43719e-05
          93   0.0486669   0.0490174 3.42127e-05
          94   0.0492934   0.0490203 3.39746e-05
          95   0.0487157   0.0490171 3.37679e-05
          96   0.0486027   0.0490128 3.36908e-05
          97   0.0484326   0.0490068 3.38702e-05
          98   0.0487864   0.0490045 3.35992e-05
          99   0.0487659   0.0490021 3.33462e-05
         100    0.048484   0.0489969 3.34128e-05
