           0           0           0
    0.064633           0           0
    0.129266           0           0
    0.193899           0           0
    0.258532           0           0
    0.323165           0           0
    0.387798           0           0
    0.452431           0           0
    0.517064           0           0
    0.581697           0           0
     0.64633           0           0
    0.710963           0           0
    0.775596           0           0
     0.84023  0.00239473 9.57499e-05
    0.904863    0.124556  0.00104976
    0.969496     1.06238  0.00307464
     1.03413     2.03382  0.00551401
     1.09876     2.21325  0.00545263
     1.16339     2.11443  0.00492339
     1.22803     1.79037  0.00372093
     1.29266     1.61402  0.00366527
     1.35729       1.487  0.00343209
     1.42193     1.32566  0.00262501
     1.48656     1.24331  0.00259649
     1.55119     1.22737  0.00245813
     1.61583     1.17698  0.00205125
     1.68046     1.11439  0.00191592
     1.74509     1.10743  0.00201474
     1.80973     1.08188  0.00173573
     1.87436      1.0745  0.00158287
     1.93899     1.07572  0.00162415
     2.00362     1.03843  0.00147736
     2.06826     1.06573  0.00151386
     2.13289     1.06151  0.00153068
     2.19752     1.02747  0.00149108
     2.26216     1.02531  0.00149631
     2.32679     1.03471  0.00143181
     2.39142     1.01581  0.00127397
     2.45606       1.044  0.00128465
     2.52069     1.00091  0.00132392
     2.58532     1.01684  0.00125793
     2.64995     1.04037  0.00121328
     2.71459     1.03078  0.00110852
     2.77922     1.02264  0.00107472
     2.84385      1.0079  0.00112288
     2.90849    0.987658  0.00111481
     2.97312     0.99314  0.00102239
     3.03775    0.995791  0.00111402
     3.10239     1.00077  0.00109668
     3.16702    0.994733 0.000912417
     3.23165    0.995022  0.00100609
     3.29629     1.00067 0.000923982
     3.36092    0.991309 0.000886275
     3.42555    0.988616 0.000846418
     3.49018    0.988612 0.000859533
     3.55482    0.991616 0.000855309
     3.61945    0.996218  0.00075437
     3.68408    0.988843 0.000822696
     3.74872    0.978355 0.000887631
     3.81335    0.999581 0.000722637
     3.87798    0.992995 0.000765551
     3.94262    0.989942 0.000862611
     4.00725     0.99437 0.000738374
     4.07188    0.985307 0.000777126
     4.13651    0.983461 0.000728496
     4.20115    0.986229 0.000660841
     4.26578    0.981722 0.000676959
     4.33041    0.984666 0.000654509
     4.39505    0.996931  0.00061723
     4.45968    0.988585 0.000601885
     4.52431    0.973873 0.000643635
     4.58895    0.993989 0.000637308
     4.65358    0.987983 0.000597003
     4.71821    0.980417 0.000616507
     4.78285    0.986666 0.000535735
     4.84748     0.99703 0.000643027
     4.91211    0.986467 0.000601011
     4.97674    0.985855 0.000626775
     5.04138    0.986601 0.000572753
     5.10601    0.981056 0.000503196
     5.17064    0.983162 0.000530207
     5.23528    0.987319 0.000571983
     5.29991     0.98688 0.000546594
     5.36454    0.987839 0.000480161
     5.42918    0.987804 0.000487078
     5.49381    0.982528 0.000530637
     5.55844    0.984903 0.000462639
     5.62307    0.988512 0.000532012
     5.68771    0.993602 0.000477534
     5.75234     0.98207 0.000517537
     5.81697    0.986223 0.000518484
     5.88161    0.991617 0.000486468
     5.94624    0.984581 0.000432416
     6.01087    0.993401 0.000500117
     6.07551     0.98712 0.000474309
     6.14014    0.986938 0.000452138
     6.20477    0.980726 0.000526865
      6.2694    0.988317 0.000487043
     6.33404    0.989447 0.000451686
     6.39867    0.984125 0.000405187
