1.17702
1.1783
1.17317
1.18544
1.17659
1.1647
1.1493
1.1535
1.14693
1.15172
1.14138
1.13313
1.11078
1.13421
1.11823
1.10963
1.11014
1.13021
1.08477
1.11412
1.1301
1.12224
1.12718
1.13334
1.13178
1.1387
1.15585
1.14446
1.14529
1.15942
1.14288
1.14819
1.14679
1.13358
1.13298
1.13545
1.12335
1.14667
1.17374
1.14041
1.15713
1.18235
1.17577
1.1705
1.19434
1.198
1.17978
1.20026
1.19574
1.19478
1.19782
1.1994
1.18622
1.20443
1.19942
1.18273
1.19746
1.19873
1.19515
1.17821
1.14029
1.17971
1.17397
1.15338
1.13888
1.16692
1.16892
1.14108
1.14981
1.16531
1.17676
1.15929
1.16622
1.17262
1.16865
1.17751
1.17357
1.16846
1.16062
1.16875
1.16844
1.15682
1.17308
1.17154
1.17882
1.18397
1.18242
1.18109
1.17708
1.16859
1.15212
1.19365
1.2022
1.20792
1.18062
1.19002
1.20737
1.19433
1.2226
1.22234
1.20758
1.19438
1.20482
1.21772
1.19791
1.19869
1.19095
1.18622
1.18855
1.17958
1.18171
1.15641
1.18421
1.19036
1.17767
1.1665
1.17855
1.18751
1.17658
1.16304
1.18539
1.19794
1.17923
1.17389
1.17242
1.18555
1.17836
1.18889
1.17898
1.17414
1.18671
1.18202
1.18417
1.19812
1.20183
1.17877
1.19349
1.19997
1.20634
1.19973
1.17635
1.19903
1.19359
1.19581
1.17369
1.16555
1.17005
1.17141
1.15542
1.13376
1.13631
1.12534
1.1193
1.13551
1.13925
1.14009
1.13633
1.14169
1.11367
1.10516
1.14665
1.14435
1.12132
1.12122
1.13543
1.122
1.13589
1.13153
1.15253
1.15245
1.15483
1.13916
1.17032
1.15693
1.15394
1.15865
1.18214
1.17476
1.16317
1.16491
1.16736
1.16331
1.14697
1.17318
1.18028
1.16822
1.12578
1.17648
1.16271
1.17372
1.16491
1.16962
1.17292
1.17682
1.15462
1.15936
1.18386
1.18072
1.17143
1.1714
1.20075
1.19031
1.19426
1.19877
1.2193
1.1498
1.19034
1.2008
1.2063
1.19735
1.18562
1.17721
1.16808
1.18527
1.17991
1.17205
1.16945
1.16437
1.1728
1.17618
1.18424
1.20132
1.17145
1.16546
1.18491
1.22458
1.21988
1.22408
1.20846
1.20817
1.20725
1.21142
1.2007
1.22086
1.22664
1.232
1.17833
1.21582
1.21082
1.21187
1.22896
1.2064
1.20492
1.20236
1.17962
1.19125
1.20285
1.20228
1.20433
1.19564
1.17811
1.19885
1.2184
1.21387
1.21718
1.20384
1.21131
1.21638
1.20187
1.2025
1.18869
1.19114
1.19093
1.18818
1.18727
1.19954
1.15594
1.19712
1.21277
1.22602
1.23554
1.21563
1.22349
1.243
1.24052
1.2433
1.24176
1.23784
1.21691
1.22535
1.22304
1.17667
1.20958
1.20839
1.20346
1.18173
1.20241
1.18671
1.19369
1.16703
1.18115
1.19765
1.1852
1.18463
1.18431
1.19171
1.16031
1.18088
1.1869
1.188
1.19257
1.20025
1.18577
1.16285
1.18744
1.19065
1.20198
1.19782
1.19798
1.20196
1.21314
1.17809
1.19823
1.21326
1.20374
1.17749
1.15675
1.18415
1.16223
1.16636
1.18121
1.17801
1.14474
1.15043
1.18067
1.17519
1.16389
1.12144
1.15858
1.17834
1.17883
1.16302
1.17914
1.18634
1.20718
1.20275
1.2015
1.21101
1.21393
1.21679
1.21947
1.2221
1.1992
1.21468
1.23901
1.2247
1.20783
1.22935
1.23827
1.24072
1.21701
1.21027
1.22095
1.19905
1.22132
1.22148
1.19566
1.19826
1.19296
1.19861
1.18262
1.17714
1.18744
1.19793
1.19239
1.18853
1.18688
1.15602
1.19756
1.21188
1.21116
1.19292
1.19828
1.21867
1.19802
1.22716
1.18967
1.1948
1.1951
1.2053
1.21105
1.2102
1.17493
1.19634
1.19696
1.18773
1.19637
1.20148
1.20727
1.20666
1.20077
1.22708
1.17875
1.21586
1.24396
1.25563
1.24137
1.20377
1.22335
1.22002
1.22221
1.2059
1.1877
1.1821
1.18509
1.18671
1.17875
1.16536
1.17535
1.20022
1.20435
1.17662
1.20577
1.19376
1.20574
1.21619
1.20296
1.19721
1.21971
1.2253
1.20793
1.20912
1.22203
1.20885
1.21673
1.21775
1.22428
1.21247
1.19883
1.20576
1.19179
1.20581
1.21188
1.20137
1.19922
1.17945
1.20193
1.17541
1.16709
1.20794
1.21167
1.19492
1.17777
1.21614
1.17147
1.1983
1.19002
1.18952
1.19971
1.20264
1.20853
1.17113
1.20125
1.22283
1.21459
1.18683
1.22509
1.23179
1.23401
1.23126
1.23441
1.23088
1.21566
1.19941
1.2125
1.22872
1.22976
1.22965
1.22911
1.25233
1.2286
1.21668
1.24512
1.24918
1.24689
1.22546
1.20845
1.22836
1.24228
1.22946
1.21368
1.18925
1.24633
1.22389
1.22064
1.22426
1.22858
1.23905
1.20553
1.20009
1.22276
1.21843
1.21149
1.20097
1.2041
1.20126
1.20037
1.19874
1.19668
1.19609
1.18772
1.19437
1.21419
1.19883
1.24222
1.22669
1.24351
1.25796
1.25714
1.27075
1.26331
1.2611
1.27257
1.30009
1.2594
1.27671
1.26161
1.28152
1.309
1.27615
1.29863
1.27107
1.28898
1.28428
1.28664
1.28204
1.28473
1.26547
1.22828
1.28735
1.26304
1.28076
1.26546
1.28797
1.30361
1.28063
1.28017
1.28193
1.28938
1.29929
1.27182
1.26029
1.2895
1.26222
1.29165
1.25863
1.265
1.25969
1.2678
1.24426
1.24812
1.25012
1.23845
1.22031
1.21877
1.26214
1.26275
1.1692
1.24578
1.2486
1.26811
1.23229
1.25375
1.27558
1.23228
1.25821
1.23769
1.24093
1.24584
1.21429
1.22893
1.23453
1.24453
1.23142
1.22314
1.22733
1.22253
1.23904
1.2441
1.23209
1.24654
1.23256
1.22058
1.24947
1.22944
1.2191
1.22713
1.22262
1.22746
1.19906
1.20695
1.18262
1.21331
1.20422
1.2188
1.2279
1.2288
1.21931
1.25045
1.25231
1.22427
1.20224
1.22302
1.22186
1.21282
1.19873
1.20456
1.20074
1.18698
1.19458
1.19222
1.1997
1.20845
1.16968
1.20345
1.20368
1.21381
1.20882
1.21685
1.21532
1.22004
1.22161
1.22374
1.21963
1.24541
1.25216
1.22349
1.21616
1.21325
1.2346
1.23084
1.2227
1.21838
1.20312
1.21004
1.21283
1.21528
1.22087
1.19925
1.21487
1.20869
1.22024
1.23434
1.21832
1.23648
1.2409
1.25144
1.25169
1.24796
1.23441
1.21844
1.23223
1.23009
1.21168
1.20971
1.2109
1.21134
1.19495
1.19065
1.20109
1.19614
1.17577
1.18343
1.18137
1.18905
1.20278
1.19646
1.14189
1.19173
1.19646
1.19133
1.19696
1.19509
1.20746
1.19482
1.18792
1.20436
1.21148
1.21019
1.21286
1.20177
1.13924
1.20875
1.1901
1.19013
1.21234
1.21279
1.18787
1.20864
1.21956
1.20921
1.21424
1.23151
1.21418
1.19663
1.23708
1.22737
1.22697
1.23961
1.22836
1.1968
1.2152
1.22654
1.21019
1.17753
1.18537
1.206
1.17673
1.18424
1.18082
1.19093
1.18917
1.18232
1.19123
1.18632
1.1931
1.19433
1.17608
1.19654
1.196
1.18295
1.16993
1.17904
1.18538
1.17169
1.17964
1.18308
1.19384
1.18155
1.18709
1.17432
1.19852
1.2028
1.21525
1.20618
1.205
1.2161
1.19527
1.20685
1.21673
1.20439
1.20373
1.20719
1.20715
1.19973
1.18324
1.18131
1.1908
1.1976
1.20116
1.19935
1.20184
1.224
1.19591
1.19761
1.19825
1.19428
1.17225
1.18486
1.18161
1.17436
1.15125
1.17581
1.16198
1.17529
1.17931
1.19418
1.1829
1.18604
1.19233
1.18589
1.17621
1.1737
1.19305
1.19282
1.19142
1.19187
1.18645
1.20051
1.22289
1.22817
1.22636
1.21935
1.23066
1.239
1.23495
1.2364
1.22254
1.21984
1.22028
1.21208
1.21826
1.23584
1.20094
1.22925
1.20911
1.24596
1.24412
1.23466
1.25071
1.24186
1.24261
1.21161
1.22681
1.23654
1.22631
1.2151
1.21728
1.23483
1.22525
1.2107
1.24893
1.20617
1.20593
1.24742
1.23833
1.21797
1.18889
1.20923
1.20367
1.19336
1.21562
1.21108
1.19608
1.17955
1.20442
1.19931
1.1792
1.19919
1.21536
1.20694
1.17815
1.21087
1.20572
1.21313
1.234
1.22667
1.20098
1.21094
1.23686
1.23297
1.22318
1.19455
1.20854
1.20083
1.18399
1.20835
1.17765
1.16675
1.19924
1.17773
1.18244
1.18285
1.19237
1.19021
1.1642
1.16344
1.17436
1.18114
1.17183
1.1713
1.18572
1.20668
1.20566
1.19316
1.22186
1.21902
1.24512
1.2148
1.1951
1.21981
1.21984
1.21154
1.19538
1.16565
1.18708
1.19759
1.1989
1.18325
1.16775
1.17681
1.21032
1.2032
1.18561
1.19765
1.18703
1.19021
1.22254
1.22363
1.19269
1.19905
1.19488
1.21335
1.20225
1.18195
1.18812
1.19243
1.20484
1.19585
1.20451
1.20252
1.18734
1.22456
1.21881
1.2139
1.1808
1.19327
1.20807
1.19637
1.19022
1.19626
1.18574
1.19947
1.17846
1.19263
1.20508
1.20526
1.18635
1.2194
1.2361
1.20215
1.19337
1.21443
1.20363
1.1858
1.19897
1.19647
1.20999
1.20735
1.19805
1.18334
1.19335
1.20139
1.18552
1.15008
1.17595
1.19133
1.17255
1.18894
1.18544
1.19067
1.18021
1.15937
1.18201
1.1927
1.21301
1.19806
1.18097
1.16794
1.22206
1.20076
1.1878
1.21873
1.22376
1.22633
1.2141
1.22289
1.20658
1.22317
1.22717
1.22604
1.21173
1.22304
1.23427
1.19642
1.22539
1.22395
1.2405
1.20599
1.22989
1.22549
1.21289
1.21128
1.22256
1.2089
1.21898
1.19834
1.22051
1.22464
1.20998
1.21503
1.23444
1.21129
1.21738
1.224
1.21899
1.21448
1.21307
1.19951
1.19642
1.19453
1.17743
1.19101
1.20279
1.20702
1.22047
1.20869
1.19429
1.21435
1.21636
1.19842
1.18708
1.1891
1.19909
1.19396
1.19223
1.18694
1.20004
1.22397
1.21319
1.19234
1.23342
1.23233
1.23445
1.22989
1.18095
1.23397
1.20171
1.19334
1.20467
1.20662
1.20519
1.20125
1.19129
1.20422
1.2107
1.20716
1.21622
1.209
1.20101
1.20431
1.20705
1.22033
1.21113
1.1971
1.21837
1.24079
1.20765
1.22834
1.23755
1.23081
1.22889
1.22561
1.18593
1.22845
1.19378
1.20305
1.20845
1.19975
1.18418
1.19676
1.20167
1.20852
1.20171
1.20905
1.19615
1.20623
1.20613
1.19667
1.2015
1.20847
1.2092
1.19885
1.17011
1.18395
1.19579
1.19759
1.19755
1.18106
1.18412
1.19601
1.19841
1.17828
1.20588
1.18405
1.21901
1.21804
1.22125
1.22902
1.24999
1.21511
1.21128
1.2369
1.2283
1.22033
1.21124
1.22283
1.21373
1.21991
1.21316
1.2044
1.22082
1.22855
1.20048
1.2145
1.19871
1.21699
1.20926
1.18557
1.18746
1.203
1.18744
1.18902
1.19643
1.19676
1.19845
1.20598
1.17217
1.19022
1.20706
1.19331
1.19952
1.21737
1.20603
1.20862
1.19687
1.20837
1.20787
1.18628
1.17296
1.20104
1.21121
1.19295
1.20549
1.21471
1.20641
1.1531
1.2023
1.18941
1.18334
1.20388
1.20374
1.18244
1.18812
1.19124
1.2059
1.1842
1.18142
1.18927
1.16372
1.17935
1.18581
1.18791
1.18948
1.18647
1.17001
1.16866
1.19416
1.19834
1.18979
1.19681
1.18408
1.20122
1.2084
1.19826
1.20196
1.21967
1.22498
1.22323
1.23299
1.24102
1.24053
1.17954
1.176
1.22989
1.2314
1.2168
1.21782
1.21892
1.23259
1.21907
1.2129
1.22512
1.23689
1.23905
1.21713
1.19576
1.19085
1.20838
1.20312
1.18998
1.17736
1.17742
1.18488
1.16673
1.16992
1.17493
1.168
1.16778
1.16828
1.16891
1.16049
1.16749
1.18357
1.17105
1.15146
1.17231
1.18573
1.19165
1.1968
1.18369
1.1851
1.20289
1.22173
1.22129
1.21767
1.23089
1.24322
1.24171
1.24101
1.19058
1.23386
1.24005
1.22578
1.18706
1.1861
1.22121
1.20425
1.19055
1.20394
1.20774
1.19565
1.21665
1.20811
1.2212
1.22123
1.21145
1.22102
1.21748
1.22499
1.19177
1.1971
1.226
1.20679
1.19553
1.21268
1.17079
1.19966
1.21439
1.20912
1.20284
1.1894
1.21547
1.16989
1.20635
1.19216
1.18229
1.18871
1.18507
1.18056
1.19124
1.15066
1.15518
1.19003
1.19546
1.21149
1.20158
1.16839
1.188
1.20933
1.18995
1.20126
1.17478
1.18513
1.19894
1.18982
1.1745
1.20103
1.19154
1.2033
1.21556
1.21043
1.21898
1.20954
1.23433
1.2487
1.24091
1.20392
1.23842
1.22557
1.21056
1.1953
1.22934
1.24637
1.22138
1.25532
1.24358
1.20962
1.26721
1.24285
1.27124
1.24097
1.23588
1.25054
1.25333
1.26019
1.26799
1.24176
1.23815
1.24876
1.26347
1.25538
1.26037
1.24164
1.21519
1.2215
1.23011
1.22463
1.22977
1.22243
1.22482
1.21882
1.23266
1.2348
1.17506
1.22661
1.22646
1.21024
1.21712
1.20785
1.20875
1.18617
1.2053
1.21041
1.18834
1.18081
1.19646
1.20476
1.18883
1.20261
1.20517
1.20209
1.20917
1.20996
1.20326
1.20588
1.20869
1.19115
1.18415
1.19262
1.20065
1.19459
1.15172
1.17534
1.17291
1.16712
1.14737
1.14265
1.14284
1.15631
1.17206
1.16615
1.18722
1.17755
1.17685
1.2041
1.20684
1.18252
1.18609
1.19332
1.17223
1.18984
1.16958
1.16357
1.14872
1.17046
1.15983
1.1709
1.15306
1.14817
1.18201
1.17911
1.19251
1.18814
1.16689
1.18763
1.17754
1.18234
1.17317
1.16487
1.16964
1.1669
1.1611
1.14985
1.15899
1.16855
1.16803
1.16775
1.19058
1.20199
1.18795
1.1817
1.20073
1.17881
1.189
1.20989
1.19627
1.19163
1.19244
1.20113
1.18594
1.19825
1.20452
1.1955
1.14515
1.17734
1.18987
1.17303
1.16116
1.17087
1.17574
1.17646
1.16371
1.17913
1.18593
1.16348
1.18233
1.19418
1.19729
1.20007
1.19788
1.19937
1.18889
1.1725
1.19553
1.18462
1.15969
1.18565
1.19759
1.19441
1.20115
1.1871
1.18294
1.21253
1.21441
1.17713
1.21849
1.2323
1.21771
1.17549
1.20317
1.19628
1.18798
1.18574
1.18596
1.20411
1.17796
1.22022
1.20552
1.2055
1.21957
1.23157
1.20673
1.18043
1.22914
1.21814
1.2165
1.20918
1.19519
1.18016
1.20641
1.22054
1.21155
1.1971
1.21155
1.23226
1.2269
1.22577
1.21566
1.20965
1.22184
1.22145
1.21563
1.18972
1.16907
1.19264
1.17931
1.19174
1.19827
1.19491
1.17171
1.19185
1.21096
1.21553
1.21201
1.21542
1.21394
1.21915
1.18293
1.23063
1.22523
1.20082
1.22212
1.22535
1.22283
1.19696
1.20519
1.20686
1.23242
1.2401
1.24043
1.25088
1.23009
1.24517
1.27545
1.25613
1.23833
1.22445
1.22431
1.22499
1.20315
1.21064
1.21703
1.21489
1.23162
1.23741
1.24705
1.23648
1.25338
1.28317
1.27513
1.30596
1.2865
1.29974
1.29638
1.31278
1.3231
1.29968
1.28337
1.29805
1.27139
1.29438
1.29324
1.28681
1.28731
1.29881
1.29408
1.27681
1.27367
1.28928
1.2849
1.27544
1.26597
1.2724
1.26719
1.23877
1.2346
1.24914
1.23714
1.23066
1.22336
1.21698
1.2299
1.22035
1.22787
1.24522
1.24386
1.23572
1.24111
1.22382
1.20294
1.2044
1.21621
1.21699
1.19244
1.18463
1.20086
1.21154
1.20619
1.20099
1.22638
1.21294
1.21821
1.22252
