           1   -0.413858   -0.413858           0
           2   -0.413456   -0.413657 0.000142269
           3   -0.410679   -0.412664 0.000815907
           4   -0.417266   -0.413815   0.0011692
           5    -0.41268   -0.413588 0.000957147
           6     -0.4117   -0.413273 0.000847739
           7   -0.414863     -0.4135 0.000756444
           8   -0.411441   -0.413243 0.000704342
           9   -0.414844   -0.413421 0.000648171
          10   -0.413563   -0.413435  0.00058351
          11   -0.408304   -0.412969 0.000692234
          12   -0.410068   -0.412727 0.000675436
          13   -0.413956   -0.412821 0.000630066
          14    -0.41247   -0.412796 0.000585561
          15    -0.40702   -0.412411 0.000661134
          16   -0.412866    -0.41244 0.000620423
          17   -0.422363   -0.413023  0.00081343
          18   -0.417352   -0.413264 0.000803005
          19   -0.413011   -0.413251 0.000760851
          20   -0.417681   -0.413472 0.000754362
          21   -0.414331   -0.413513 0.000719548
          22   -0.414881   -0.413575 0.000689525
          23   -0.411164    -0.41347  0.00066747
          24   -0.411288   -0.413379 0.000645825
          25   -0.409833   -0.413238 0.000635383
          26   -0.415914    -0.41334 0.000619227
          27   -0.413007   -0.413328 0.000596416
          28   -0.414446   -0.413368  0.00057645
          29   -0.413013   -0.413356 0.000556703
          30   -0.414592   -0.413397  0.00053967
          31   -0.411473   -0.413335 0.000525817
          32   -0.414301   -0.413365 0.000510252
          33   -0.416791   -0.413469 0.000505242
          34   -0.418031   -0.413603 0.000507887
          35    -0.41422   -0.413621 0.000493682
          36   -0.414036   -0.413632 0.000480104
          37   -0.404538   -0.413387 0.000526299
          38   -0.412228   -0.413356 0.000513332
          39    -0.41126   -0.413302 0.000502974
          40   -0.412928   -0.413293 0.000490486
          41    -0.41493   -0.413333 0.000480145
          42   -0.423216   -0.413568  0.00052321
          43   -0.412828   -0.413551 0.000511325
          44   -0.412896   -0.413536 0.000499921
          45   -0.417522   -0.413625 0.000496596
          46   -0.407531   -0.413492 0.000503158
          47   -0.417382   -0.413575 0.000499212
          48   -0.420512   -0.413719 0.000509301
          49   -0.423164   -0.413912 0.000534138
          50   -0.415839   -0.413951 0.000524843
          51   -0.411473   -0.413902 0.000516795
          52   -0.414854   -0.413921 0.000507181
          53   -0.421006   -0.414054 0.000514929
          54   -0.409857   -0.413976 0.000511226
          55   -0.415729   -0.414008 0.000502924
          56    -0.41269   -0.413985 0.000494493
          57   -0.418036   -0.414056 0.000490899
          58    -0.40999   -0.413986 0.000487414
          59   -0.412884   -0.413967  0.00047951
          60   -0.409066   -0.413885 0.000478426
          61   -0.412334    -0.41386 0.000471258
          62   -0.412563   -0.413839 0.000464122
          63   -0.414451   -0.413849 0.000456856
          64   -0.413772   -0.413848 0.000449719
          65   -0.406468   -0.413734 0.000456906
          66   -0.417131   -0.413786 0.000452873
          67   -0.413262   -0.413778 0.000446181
          68   -0.414028   -0.413781 0.000439635
          69   -0.416426    -0.41382  0.00043493
          70   -0.415061   -0.413837 0.000429078
          71   -0.416117    -0.41387 0.000424235
          72    -0.40713   -0.413776 0.000428546
          73   -0.417159   -0.413822 0.000425173
          74   -0.416924   -0.413864 0.000421488
          75   -0.419527    -0.41394 0.000422577
          76   -0.406692   -0.413844 0.000427642
          77   -0.412843   -0.413831 0.000422286
          78   -0.411397     -0.4138 0.000418024
          79   -0.412003   -0.413777 0.000413351
          80   -0.416843   -0.413816 0.000409956
          81   -0.413712   -0.413814 0.000404897
          82   -0.427224   -0.413978 0.000431721
          83   -0.409527   -0.413924 0.000429838
          84   -0.412979   -0.413913 0.000424868
          85   -0.419162   -0.413975 0.000424334
          86   -0.416551   -0.414005 0.000420456
          87   -0.418285   -0.414054 0.000418491
          88   -0.410112   -0.414009 0.000416127
          89   -0.409198   -0.413955 0.000414948
          90   -0.414248   -0.413958  0.00041035
          91   -0.425294   -0.414083 0.000424327
          92   -0.409571   -0.414034 0.000422539
          93   -0.419343   -0.414091 0.000421835
          94   -0.413768   -0.414088 0.000417361
          95   -0.420011    -0.41415   0.0004176
          96    -0.42176   -0.414229 0.000420707
          97    -0.41485   -0.414236 0.000416419
          98   -0.410571   -0.414198 0.000413845
          99   -0.414666   -0.414203 0.000409691
         100   -0.414731   -0.414208 0.000405628
