36.8697
39.5431
35.238
35.7285
31.809
31.0502
34.1137
29.6481
30.2929
33.5036
36.4425
33.2742
28.9736
31.7825
30.9313
34.4844
29.1207
32.1856
30.6508
30.734
26.5572
27.1918
30.0254
29.2876
32.312
27.2088
31.9631
28.6174
26.4166
27.8705
26.7791
28.2089
28.134
24.9204
21.6202
24.8166
15.2595
26.4874
23.2384
21.0768
23.8647
26.7561
20.4296
26.0872
24.9484
25.3887
28.25
22.4851
22.1293
25.5596
24.5412
28.7717
22.9823
21.2546
23.999
19.9604
20.2809
23.7112
26.2751
21.1666
22.0718
23.8896
27.0137
25.697
23.8553
20.8166
20.9798
17.4843
18.117
19.4632
20.6416
26.7538
18.2458
16.0745
22.3832
19.7376
14.1595
15.8524
22.4887
15.8684
21.8734
17.3595
18.0564
24.035
17.8404
19.5218
17.988
13.3811
17.7282
13.4971
14.1735
14.6504
21.7454
15.1262
15.9111
19.0546
19.6523
20.3897
19.6945
11.396
17.2234
18.6514
18.0781
17.8081
15.6261
17.469
14.9596
19.1571
18.3189
13.9231
12.9908
11.1915
11.6344
16.9242
16.2524
16.3926
13.4032
11.5201
11.3742
16.5279
16.0452
15.4932
13.2338
12.7003
17.33
14.5938
19.1916
11.2061
16.345
13.6018
13.4863
13.8928
11.4915
13.3931
13.3996
13.1559
18.199
15.3033
14.9689
14.3661
13.9136
12.4747
9.66018
10.3808
14.5361
12.6123
8.4051
15.3513
13.3981
10.6273
11.2961
11.2331
11.0089
13.4428
9.99424
11.033
10.1528
8.20768
9.43506
14.7059
14.0165
13.5981
10.3855
11.2027
9.64483
12.2793
10.6627
10.0857
8.47029
8.37982
9.18104
10.3383
8.22368
10.2604
11.7785
6.8935
9.993
7.84517
9.01003
11.4644
6.87999
9.86835
7.52287
12.2774
15.9843
11.6071
10.3851
11.4451
10.5994
9.74305
8.88242
13.7063
11.8242
12.3928
10.7133
6.82304
7.61048
8.78421
10.7367
10.0781
8.49952
12.3283
12.2878
13.9349
14.0592
12.6521
9.04006
9.31344
6.84878
7.36294
9.73022
8.81701
7.94009
6.80628
6.77229
7.43208
10.4255
8.58496
10.3181
11.6628
12.7737
11.9112
11.4205
10.3268
8.57317
7.50461
7.71444
7.65024
6.74579
7.0975
8.46502
7.75038
6.51023
9.10466
10.3152
6.99938
7.50292
7.6704
6.78977
7.78293
8.97491
9.37431
8.55678
7.73448
6.12849
7.17525
8.46801
7.27842
7.58968
9.13684
9.79591
7.23099
9.22992
11.4239
10.0205
9.80929
10.2403
11.3131
11.9805
13.8392
11.0729
12.0501
10.9339
9.68301
11.4031
10.9933
11.0522
9.27729
9.04489
10.5126
10.6737
12.0018
12.0713
10.5139
11.6791
9.15791
10.2788
11.1625
9.69771
9.84736
9.34019
11.0195
11.2374
10.4842
9.6179
7.6499
6.54047
7.56691
8.83163
8.41441
7.37379
6.90947
6.2881
6.57868
7.68361
5.71903
7.8567
7.17237
9.63332
8.87095
8.11029
8.83728
8.67146
9.46851
9.17015
9.11363
5.99138
6.68652
9.24182
9.81259
7.0133
7.28154
6.32535
6.68401
6.67693
6.59466
7.39993
5.83552
6.14524
6.44743
6.09822
6.26725
6.38901
7.37212
7.16516
6.57981
7.26491
8.16331
7.90567
8.01698
5.57387
4.90628
6.11906
6.36893
7.30039
5.11441
6.18362
6.06135
6.28822
6.82991
6.20004
5.86265
5.93045
6.12861
7.15081
6.65833
6.50362
6.10244
3.78961
5.86009
5.52711
5.8862
5.79119
5.42592
5.60386
6.33816
6.61642
6.11092
6.92403
4.24923
4.85541
6.19113
5.94996
6.36563
5.66116
6.08944
6.37831
6.06194
7.06609
6.14682
5.07882
6.38305
5.26151
5.37115
6.16581
7.07926
4.74301
4.63918
5.2302
4.85416
6.89472
5.53655
6.12481
5.99577
6.68109
5.39294
6.59096
5.9044
5.66762
5.51301
5.75419
6.09308
6.75422
5.60032
6.38017
5.09624
5.46468
5.22094
4.99818
6.58567
6.06379
5.66608
5.95148
5.13395
6.90511
6.14038
6.21562
5.60581
6.37782
6.46675
6.46774
7.29389
6.05055
5.81188
5.41642
5.69661
5.7329
7.98135
6.00153
5.6482
5.61838
6.2381
5.93426
5.68895
6.22543
6.33662
6.20306
6.61956
6.17261
5.91278
6.43961
4.29169
4.93683
4.96134
5.21878
4.88425
5.27056
4.52737
4.31902
6.16247
4.36124
5.02274
4.92452
4.80516
5.02181
4.473
4.921
4.90813
5.86308
5.12077
5.61774
5.64301
5.69157
4.22691
4.76227
4.02804
5.55124
4.16332
4.39892
4.00571
5.0362
4.80745
4.34129
5.26981
4.83832
5.18767
5.79444
5.03953
3.61779
4.32494
5.11804
4.30017
5.30378
4.99742
5.44569
5.29284
4.34464
4.54262
5.93891
4.57345
5.42297
5.79258
4.93347
5.24097
4.23642
4.47791
5.71067
4.97566
4.77582
5.25189
4.83763
4.21248
5.19845
4.81053
5.0903
3.95974
4.83188
4.76939
4.66075
4.21344
5.25958
4.7588
5.41845
4.50665
4.7306
5.80825
4.42521
5.01783
4.17661
4.63221
4.23536
4.56059
5.52926
5.0214
6.44478
4.89983
5.28781
4.61603
4.86803
4.76954
4.37433
4.72557
4.2179
4.76332
4.86831
4.08812
4.47644
4.58657
4.79274
4.43776
4.44011
4.09693
4.42291
4.72565
5.01749
4.62585
4.31554
3.77279
5.39816
4.51774
4.70025
5.16501
5.08187
4.38236
4.54952
4.31425
4.58848
4.41342
5.37533
5.03974
4.13169
4.82236
3.97482
4.41375
4.12471
4.13957
5.2329
5.37874
3.81025
4.20456
3.89249
4.90608
5.40474
4.65739
3.53152
5.1519
4.3924
4.5374
4.18502
5.42097
4.5907
4.66383
4.92271
5.25802
4.94569
4.28699
4.28699
4.45026
3.77167
3.90983
5.13786
3.92239
3.9213
4.51747
3.99771
4.92807
3.79988
4.30669
4.28101
3.95957
4.85308
4.78565
4.21299
3.91384
5.57072
4.39928
4.28652
4.56814
5.33825
4.39162
4.15678
5.12885
4.97957
4.4837
4.00267
4.34921
4.01308
3.75893
4.38069
4.22031
4.54893
3.89323
4.39849
4.82833
3.93936
4.29194
4.35391
4.94585
4.1565
4.33779
4.04293
4.51712
3.91159
3.93891
4.57396
4.08877
3.50433
3.88636
4.06548
4.34064
4.2584
3.95349
4.00999
3.95425
3.73881
4.36807
4.36807
4.62203
4.42003
4.14617
3.79209
4.21311
4.50256
3.99172
3.81436
3.97131
4.82689
4.93775
4.53106
4.5134
3.9927
4.6922
4.57805
4.17164
4.17164
4.31067
3.96324
4.13108
4.58381
4.54009
3.62865
3.93273
3.96321
4.18203
4.73193
3.98216
4.31648
4.16245
4.19425
3.80915
3.95025
4.53281
4.98292
5.44494
4.48447
4.19624
3.69958
3.62448
3.97931
3.59129
4.43835
4.30386
3.97277
3.69602
3.93308
4.49302
4.34347
4.46058
5.00611
4.30514
4.15543
4.00741
4.31805
3.61216
4.34605
4.72562
3.99562
4.57001
3.99008
4.32942
3.69899
4.36213
3.7824
3.85722
4.04723
4.08747
4.84286
3.64039
3.61497
4.6302
4.47201
4.18897
5.02395
4.078
3.74821
3.84574
4.25928
4.83674
3.83328
3.95314
4.3508
3.72612
4.00835
4.17789
3.85328
3.98067
3.78752
3.90018
5.11637
5.94381
3.9001
4.35629
4.38062
3.76422
5.03969
3.90633
4.94703
4.06613
4.85062
4.31649
4.55267
3.95736
3.98778
3.74723
3.8023
3.70435
3.76429
3.90199
4.86678
4.08654
3.89449
3.89348
3.91796
4.0425
3.91988
4.2801
3.90467
4.07538
3.91175
4.76296
4.2876
3.98136
3.89711
3.89711
3.85354
4.04367
3.54827
4.26018
3.95088
4.06936
3.89105
3.82627
3.47594
3.90549
3.85435
3.81863
3.6973
4.03894
3.82941
4.14008
4.0427
3.92544
4.00878
3.91906
4.32554
3.80649
3.89016
3.76722
4.43642
4.24595
4.81257
4.63755
4.47307
3.61632
3.92262
3.48016
4.20499
4.34599
4.82936
3.93577
3.95188
4.33953
3.70214
3.77027
4.15274
4.62227
3.7771
3.76802
4.15493
4.0991
4.13659
3.6449
4.30741
3.78944
4.08222
3.58741
4.41251
3.85954
4.14303
3.93783
3.89666
4.20607
4.3894
4.05077
3.45076
4.18953
3.77584
3.82289
4.01483
3.89815
4.12677
4.14858
3.85474
3.6807
4.14883
3.60164
3.98061
3.73563
3.54747
4.1973
4.36968
4.17712
3.61485
3.63569
3.55244
3.83706
4.31279
4.2989
3.82391
3.80341
4.12606
3.59767
3.8987
3.63783
3.61766
3.55038
3.78393
3.69259
3.60453
3.79801
3.68741
3.8732
4.02536
3.82636
3.49502
3.88142
4.04884
4.03588
3.83872
4.36674
4.21819
4.32528
4.18075
3.9829
3.91324
3.99419
3.79801
3.76646
4.3587
3.84257
3.8181
3.7353
3.86548
3.81537
4.32825
3.8227
3.69167
3.9303
4.19002
4.14734
3.85316
3.50431
4.10227
3.78597
3.85808
3.78141
4.22774
3.89425
4.25801
3.77161
3.88182
3.41683
3.72337
3.79558
3.76864
4.13953
4.8802
3.88779
3.83176
3.77157
3.58719
3.81835
3.59672
3.87969
3.85585
4.21018
4.01461
4.03243
3.88764
3.79305
3.9451
4.00597
4.39534
4.29545
3.82707
3.71726
4.03686
4.21341
3.79998
3.90929
4.17021
3.58527
3.90091
3.76598
3.9043
3.67887
3.78504
4.29964
4.24421
3.48356
3.88973
3.89574
3.82371
3.6021
3.57928
3.57261
3.74617
4.10652
3.91457
3.92072
3.90783
4.03899
4.21539
3.6024
4.01489
3.73815
3.87612
3.82006
4.03121
3.33858
3.79494
3.77275
3.49324
3.60453
3.4299
3.95601
4.28426
3.85482
3.52239
4.42445
4.05652
3.63881
3.98658
4.0187
3.85501
3.85137
3.81786
3.78351
3.5701
3.78893
4.39891
3.61713
3.80452
3.76332
3.80073
4.21963
3.70899
4.34435
3.81435
3.56289
4.04352
3.58583
3.64924
3.60945
3.69381
3.82355
3.85482
3.69777
3.44927
3.90732
3.62512
3.40218
3.60532
3.82119
3.20922
4.01667
3.59053
3.47599
3.84064
3.8765
3.52917
3.4579
3.60511
3.96063
4.24614
3.78597
3.79215
3.32639
3.42483
4.05861
3.43346
3.49448
3.82028
4.05813
3.53833
3.50685
4.07944
3.79701
3.59948
3.86516
3.81952
4.12633
3.47269
3.65951
3.74704
3.7237
4.07774
3.89446
4.14632
3.89431
3.69851
3.90786
3.66236
3.88566
3.87637
3.41427
4.08442
4.32933
3.43911
3.78265
3.53261
3.95472
3.70404
3.58959
3.52623
4.20797
3.83689
4.06854
3.68166
3.5394
3.5394
3.99306
4.3463
3.61148
4.0629
3.6196
3.86129
3.73292
3.5229
3.42053
3.51011
3.57113
3.71937
3.859
3.79339
3.79339
3.7246
4.31776
4.15555
3.94525
3.5807
3.86787
3.80857
3.58015
3.68948
3.51561
4.0029
3.5539
3.4893
3.44667
3.39205
3.556
3.32393
3.53765
3.61622
3.52681
3.64424
3.72836
3.93684
3.58011
3.52956
3.77405
3.49697
4.04331
3.55964
4.02901
3.92873
3.64355
3.55921
3.66699
3.74805
3.69141
3.49074
4.3308
3.53219
3.51061
3.59262
3.54831
3.43636
3.64968
3.26627
3.55952
3.6893
3.70719
3.77957
3.70684
3.5514
3.89674
3.62154
3.53973
3.46106
3.53618
3.93857
4.02851
3.50196
3.60013
3.97173
3.73915
3.90857
3.60276
3.86921
3.67707
3.65872
3.60488
3.32635
3.60662
3.47229
3.48601
3.60742
3.97477
3.61263
3.73854
3.44174
3.36774
3.73293
3.48082
3.50744
3.31825
3.93149
3.65175
3.80732
3.69596
4.17374
3.58027
3.44999
4.29246
3.81605
3.69302
3.65849
3.64523
3.7002
3.78104
4.03265
3.70581
3.70055
3.46739
3.86835
3.55755
3.45748
3.32269
3.51858
3.64293
3.6244
3.66914
3.39956
3.69236
3.48512
3.39987
3.45704
3.488
3.25645
3.69135
3.48543
3.89031
3.41271
3.44864
3.53696
3.36513
3.80749
3.71456
3.66111
3.64817
3.67984
3.41797
3.44731
3.64295
3.65493
3.58522
3.532
3.34899
3.5565
3.30742
3.60608
3.88618
3.53544
3.60091
3.75181
3.64396
3.68382
3.50762
3.62818
3.9826
3.63026
3.6054
3.4781
3.5931
3.56265
3.33596
3.48046
4.09514
4.29557
3.76208
3.57524
3.56991
3.35036
3.49116
3.59896
3.71643
3.87053
3.34607
3.47679
3.66993
3.40195
3.38807
3.49772
3.53699
3.4857
3.60703
3.95814
3.55774
3.66574
3.57003
3.44958
3.4749
3.47376
3.22217
3.64271
3.51572
3.481
3.77763
3.58766
3.59874
3.31173
3.45472
3.82258
3.77016
3.64783
3.7615
3.59715
3.56596
3.79616
3.30288
3.47939
3.58697
3.44647
3.44628
3.52835
3.5279
3.40776
3.52927
3.85425
3.44097
3.47568
3.43112
3.70098
3.77991
3.44724
3.50516
3.74211
3.68021
3.54254
3.69757
3.37238
3.5947
3.58289
3.42799
3.30954
3.49079
3.34626
3.4549
3.72643
3.54279
3.9374
3.70552
3.43412
3.72521
3.40737
3.52093
3.5338
3.51309
3.42481
3.68486
3.53123
3.28894
3.772
3.67746
3.65295
3.93907
3.47932
3.3733
3.66705
3.53205
3.64812
3.70228
3.72867
3.32316
3.55309
3.57058
3.42616
3.68209
3.30297
3.34456
3.3578
3.54887
3.33367
3.5291
3.81253
3.56014
3.62835
3.27207
3.4692
3.41395
3.30329
3.57089
3.83214
3.83114
3.45546
3.42698
3.92284
3.42334
3.34081
3.31858
3.43114
3.42477
3.42042
3.51069
3.25944
3.32574
3.52877
3.58979
3.26742
3.74159
3.74278
3.53316
3.63366
3.2915
3.60458
3.47638
3.72935
3.40904
3.68071
3.52393
3.48757
3.67412
3.48785
3.44903
3.76589
3.43171
3.45468
3.87138
3.39125
3.42351
3.58556
3.76241
3.62948
3.3258
3.57324
3.40914
3.53014
3.23325
3.511
3.33216
3.36427
3.40771
3.3585
3.38369
3.33558
3.34712
3.5382
3.4419
3.61134
3.70142
3.62846
3.30067
3.29079
3.52689
3.56227
3.41087
3.47062
3.49003
3.32879
3.53654
3.51111
3.49278
3.36081
3.51536
3.75508
3.38572
3.449
3.53958
3.37938
3.63779
3.29967
3.38208
3.71124
3.41727
3.56595
3.47794
3.46046
3.37572
3.59829
3.35756
3.78324
3.74839
3.67473
3.89337
3.66062
3.2826
4.13363
3.49373
3.51901
3.2508
3.37475
3.54082
3.57827
3.52055
3.44248
3.55226
3.37654
3.38487
3.55572
3.45914
3.94712
3.72797
3.97725
3.2926
3.58051
3.47977
3.43781
3.38451
3.55264
3.61331
3.40473
3.28221
3.34856
3.44859
3.45593
3.4288
3.84302
3.48103
3.61944
3.66502
3.43911
3.50927
3.61505
3.42947
3.65092
3.33609
3.29965
3.60304
3.20367
3.37223
3.26907
3.41836
3.40489
3.61127
3.51203
3.4959
3.73931
3.63453
3.52355
3.81844
3.45
3.87906
3.45022
3.36268
3.8854
3.69727
3.65693
3.36464
3.39484
3.35636
3.34704
3.73053
3.41324
3.48742
3.3901
3.47438
3.3307
3.41754
3.48171
3.46385
3.50922
3.30027
3.41439
3.56084
3.40615
3.66693
3.55129
3.4756
3.33488
3.36055
3.31071
3.42716
3.50848
3.4886
3.88051
3.31908
3.49676
3.2962
3.2664
3.4587
3.56214
3.45422
3.34967
3.45604
3.3609
3.25346
3.51768
3.38468
3.51217
3.62031
3.6968
3.63343
3.46834
3.47137
3.81662
3.28029
3.47168
3.87846
3.231
3.739
3.64409
3.39348
3.51428
3.56271
3.5074
3.28008
3.52178
3.65514
3.51847
3.29436
3.50284
3.52017
3.35464
3.5072
3.46715
3.58965
3.56684
3.41683
3.31782
3.25709
3.3597
3.66828
3.46119
3.41046
3.24152
3.29509
3.38693
3.34854
3.38874
3.43298
3.4174
3.5644
3.57683
3.34976
3.48231
3.25517
3.28777
3.35488
3.38603
3.63076
3.3718
3.46377
3.24028
3.36403
3.46431
3.47642
3.38466
3.51118
3.31327
3.28167
3.48179
3.58599
3.40819
3.36484
3.47884
3.4056
3.27842
3.3256
3.52867
3.78898
3.36629
3.67804
4.0692
3.23325
3.33457
3.31917
3.38084
3.40232
3.54892
3.3828
3.30883
3.38567
3.5036
3.35683
3.75498
3.44802
3.36714
3.37919
3.2341
3.28673
3.56989
3.22671
3.38464
3.59467
3.46589
3.66752
3.53081
3.47931
3.31252
3.57211
3.37172
3.56638
3.3111
3.23943
3.42026
3.47681
3.28331
3.80373
3.42784
3.56615
3.23931
3.38169
3.26406
3.24186
3.40243
3.47801
3.44585
3.42294
3.43087
3.37621
3.37906
3.4433
3.68596
3.2633
3.42771
3.54018
3.32764
3.4477
3.39895
3.52662
3.47476
3.20638
3.39579
3.35026
3.60626
3.35227
3.30999
3.46624
3.30922
3.4822
3.5432
3.30749
3.79729
3.58293
3.37938
3.46936
3.30316
3.38692
3.55209
3.29911
3.54524
3.40733
3.40205
3.39369
3.57342
3.26337
3.52139
3.2696
3.44479
3.26179
3.53739
3.47653
3.35534
3.58946
3.4389
3.32809
3.40821
3.43956
3.36567
3.70455
3.30854
3.38281
3.37427
3.36737
3.18637
3.43885
3.42938
3.20367
3.20638
3.32139
3.46478
3.21932
3.8275
3.69917
3.42565
3.2978
3.41347
3.3794
3.56019
3.61962
3.19566
3.32887
3.43216
3.33962
3.2757
3.4968
3.33554
3.38381
3.44929
3.69745
3.59134
3.48142
3.37493
3.60083
3.48981
3.50882
3.30902
3.34356
3.3918
3.28594
3.45141
3.30655
3.39988
3.19009
3.48547
3.40919
3.56526
3.47063
3.49529
3.3786
3.39676
3.38462
3.36515
3.44913
3.19009
3.29447
3.39211
3.42617
3.38708
3.45237
3.39743
3.5223
3.41465
3.33694
3.43859
3.39029
3.23588
3.54654
3.22489
3.24946
3.47345
3.31583
3.52274
3.46289
3.26179
3.40414
3.44242
3.4184
3.23192
3.25805
3.32118
3.31565
3.64382
3.33988
3.3405
3.56554
3.47154
3.37756
3.34059
3.47083
3.37567
3.26707
3.50502
3.57454
3.28
3.45371
3.43289
3.48244
3.47186
3.38987
3.43983
3.35777
3.45359
3.29787
3.42454
3.31847
3.40353
3.52326
3.26837
3.46998
3.41086
3.40402
3.59308
3.49387
3.19159
3.40298
3.28629
3.29446
3.38919
3.35486
3.49562
3.32008
3.47894
3.45942
3.29655
3.58494
3.38173
3.22671
3.32846
3.48949
3.59075
3.49424
3.54813
3.32038
3.6024
3.28136
3.24102
3.20579
3.37774
3.34976
3.3193
3.39357
3.2803
3.30911
3.38149
3.42787
3.35332
3.26627
3.40651
3.3258
3.51347
3.30864
3.34442
3.65457
3.59858
3.27462
3.34739
3.59482
3.47918
3.32769
3.40131
3.22544
3.3097
3.46854
3.38935
3.3133
3.28148
3.47892
3.44111
3.29493
3.25813
3.40209
3.40036
3.29957
3.3002
3.29493
3.35282
3.34857
3.46929
3.24945
3.2597
3.33613
3.35171
3.42171
3.45859
3.4631
3.43786
3.6468
3.51476
3.4133
3.34593
3.51173
3.50711
3.3704
3.28465
3.32467
3.54441
3.44556
3.40746
3.48731
3.33137
3.42928
3.62246
3.30537
3.20367
3.58207
3.53944
3.31475
3.32224
3.35785
3.39322
3.43076
3.5278
3.2962
3.18637
3.34069
3.60842
3.33282
3.28465
3.38906
3.65745
3.33461
3.40268
3.35637
3.22849
3.21936
3.40057
3.49289
3.33377
3.22635
3.30066
3.72993
3.43772
3.28364
3.3876
3.3101
3.36502
3.54075
3.21381
3.19009
3.24837
3.34017
3.3616
3.27721
3.38416
3.41137
3.31283
3.44476
3.30693
3.26687
3.32419
3.26205
3.39851
3.44728
3.32923
3.35134
3.65586
3.21411
3.32723
3.28364
3.382
3.31384
3.33545
3.38852
3.30962
3.274
3.32106
3.28657
3.19995
3.46014
3.34368
3.36613
3.30034
3.44639
3.55589
3.2717
3.38241
3.30495
3.42048
3.31107
3.31802
3.35577
3.27997
3.28476
3.34612
3.47968
3.28169
3.43316
3.42026
3.35464
3.45078
3.52113
3.36036
3.42208
3.2597
3.5162
3.39437
3.32983
3.40426
3.46449
3.59755
3.4792
3.33799
3.41495
3.23757
3.27283
3.38454
3.204
3.37886
3.43112
3.21381
3.473
3.43269
3.28631
3.40939
3.35847
3.22217
3.2967
3.31267
3.19995
3.63716
3.33786
3.48393
3.27785
3.52201
3.45115
3.25517
3.25984
3.39446
3.43382
3.19009
3.33817
3.19995
3.37272
3.34082
3.33668
3.28421
3.28269
3.49593
3.19566
3.40527
3.24474
3.73746
3.38059
3.3068
3.24464
3.34925
3.24207
3.22171
3.31551
3.36158
3.38974
3.42225
3.39437
3.35013
3.34293
3.27976
3.32202
3.3111
3.59277
3.20117
3.20117
3.22352
3.21245
3.26269
3.37747
3.36955
3.28981
3.23684
3.2888
3.56018
3.38369
3.37204
3.37331
3.27283
3.34647
3.23684
3.33803
3.27374
3.36874
3.39641
3.53556
3.27721
3.32518
3.23192
3.25921
3.42882
3.31748
3.40071
3.35493
3.51305
3.3937
3.29447
3.26687
3.32882
3.37621
3.30386
3.44176
3.31288
3.21815
3.43672
3.43298
3.53184
3.28048
3.31314
3.33857
3.48358
3.29504
3.23697
3.4721
3.31405
3.39359
3.38919
3.25134
3.3988
3.34646
3.43156
3.26375
3.55593
3.22339
3.2995
3.20579
3.39117
3.26851
3.21381
3.22339
3.42904
3.28971
3.41661
3.3831
3.4819
3.29343
3.33466
3.24589
3.21932
3.27254
3.33982
3.27997
3.31208
3.42529
3.28711
3.39079
3.54078
3.47258
3.28782
3.52622
3.54527
3.44779
3.3883
3.35474
3.19566
3.42033
3.19159
3.25645
3.27119
3.31333
3.42169
3.32084
3.22671
3.30474
3.45904
3.2414
3.32082
3.32201
3.32348
3.33144
3.24708
3.21936
3.37503
3.33934
3.35785
3.28894
3.27165
3.25422
3.35938
3.20117
3.36956
3.4366
3.2985
3.38947
3.2554
3.39421
3.35166
3.2086
3.19159
3.42334
3.53497
3.5646
3.37126
3.26231
3.42557
3.22768
3.21411
3.18637
3.2747
3.40022
3.40022
3.22744
3.37338
3.23757
3.23295
3.38831
3.23317
3.34857
3.3493
3.43589
3.3424
3.30449
3.3306
3.3174
3.26944
3.32358
3.29284
3.3485
3.34723
3.35962
3.36234
3.28587
3.44737
3.26541
3.35352
3.41985
3.30103
3.19566
3.23095
3.26742
3.26757
3.36197
3.37591
3.35546
3.61298
3.47401
3.21932
3.31278
3.25498
3.48091
3.32452
3.5061
3.36646
3.25177
3.28454
3.33086
3.50661
3.37514
3.39711
3.21411
3.35956
3.25699
3.41169
3.38067
3.3594
3.23095
3.24589
3.38
3.3572
3.31929
3.30126
3.29095
3.29864
3.3316
3.25709
3.2843
3.22489
3.26376
3.32866
3.19159
3.22814
3.33496
3.34515
3.23931
3.2411
3.3375
3.3705
3.28048
3.27976
3.20579
3.2764
3.39127
3.33817
3.26376
3.24927
3.29389
3.36565
3.25805
3.22814
3.35393
3.21815
3.22171
3.30037
3.32405
3.30954
3.20638
3.21815
3.23757
3.42529
3.37259
3.37259
3.3238
3.25422
3.26862
3.28029
3.36607
3.32998
3.27463
3.38117
3.46868
3.27721
3.29847
3.27054
3.32709
3.29211
3.28353
3.21245
3.46267
3.30878
3.45803
3.27842
3.29163
3.30449
3.30128
3.24038
3.27269
3.30049
3.231
3.18637
3.2086
3.26165
3.30832
3.34842
3.32756
3.26165
3.3356
3.34964
3.26422
3.26422
3.38861
3.19159
3.24553
3.38304
3.38716
3.21474
3.30078
3.33643
3.22187
3.29719
3.3909
3.24708
3.3058
3.27263
3.37359
3.28465
3.34801
3.24102
3.39074
3.26716
3.32569
3.33711
3.36988
3.23757
3.34435
3.26603
3.39009
3.46576
3.24612
3.24871
3.24464
3.4384
3.42996
3.28353
3.19566
3.20923
3.34593
3.53926
3.41527
3.18637
3.18637
3.50426
3.24186
3.28793
3.42003
3.231
3.30434
3.21801
3.23095
3.37655
3.28196
3.36135
3.32692
3.22544
3.26179
3.44709
3.31381
3.24623
3.22861
3.25177
3.25549
3.28098
3.30124
3.33833
3.24819
3.21758
3.45106
3.21245
3.22796
3.36176
3.21381
3.27269
3.3184
3.25944
3.19159
3.30845
3.45059
3.19159
3.31467
3.27636
3.26747
3.42331
3.36847
3.4216
3.35415
3.24837
3.38484
3.40689
3.44457
3.25974
3.28136
3.43765
3.2086
3.37693
3.18637
3.2363
3.2414
3.28106
3.231
3.45541
3.47126
3.27334
3.29918
3.27932
3.46401
3.21967
3.32387
3.20872
3.25874
3.3318
3.29343
3.26862
3.24186
3.20638
3.28711
3.25139
3.34296
3.42259
3.24946
3.24152
3.19159
3.32379
3.26082
3.24091
3.19159
3.28472
3.19009
3.32391
3.35342
3.19995
3.31163
3.26926
3.28522
3.47008
3.25813
3.38958
3.28155
3.24474
3.27269
3.38915
3.5338
3.23748
3.25813
3.28389
3.42498
3.42351
3.27838
3.24152
3.30444
3.30444
3.25145
3.44731
3.39479
3.36037
3.30224
3.20367
3.31366
3.27748
3.22544
3.21932
3.24464
3.211
3.21381
3.32481
3.25874
3.37094
3.25177
3.27652
3.22352
3.24394
3.31917
3.51096
3.3174
3.31381
3.28711
3.28875
3.20638
3.34943
3.277
3.4255
3.29446
3.33903
3.33992
3.32452
3.19009
3.34125
3.23371
3.24996
3.24996
3.35636
3.27463
3.54577
3.30686
3.2554
3.24091
3.3458
3.21758
3.37727
3.33056
3.38572
3.64825
3.41957
3.34441
3.24708
3.24202
3.43117
3.25865
3.44107
3.27364
3.24102
3.21967
3.21936
3.30655
3.28098
3.19995
3.36781
3.31468
3.34127
3.22187
3.22217
3.23192
3.29217
3.38699
3.3975
3.21967
3.21967
3.25699
3.24708
3.38052
3.2086
3.231
3.29841
3.45362
3.23317
3.25393
3.24837
3.32284
3.30471
3.27796
3.44735
3.36332
3.30438
3.40864
3.26082
3.30631
3.18637
3.23943
3.23646
3.21967
3.19531
3.35287
3.30283
3.34798
3.40658
3.24927
3.27462
3.28541
3.25346
3.45609
3.37673
3.38847
3.33
3.24153
3.29208
3.20087
3.35534
3.38379
3.26535
3.30999
3.37505
3.37004
3.32284
3.2696
3.20579
3.3164
3.37407
3.3393
3.23578
3.22339
3.29857
3.37479
3.20922
3.277
3.20367
3.24207
3.35891
3.28093
3.38928
3.32635
3.21936
3.22849
3.19009
3.30288
3.28099
3.30443
3.22171
3.27636
3.2357
3.32693
3.2411
3.29818
3.45307
3.20117
3.20117
3.31808
3.31423
3.35007
3.20087
3.23192
3.28169
3.20923
3.36482
3.35282
3.34017
3.22489
3.29208
3.27178
3.35197
3.26375
3.24871
3.20922
3.20872
3.32697
3.34609
3.21411
3.20922
3.26707
3.32723
3.32826
3.23095
3.31786
3.23943
3.33903
3.36608
3.27104
3.2694
3.25517
3.26757
3.23325
3.28093
3.31283
3.27945
3.24474
3.22796
3.46495
3.32197
3.22768
3.35464
3.33658
3.22544
3.19009
3.26375
3.24837
3.3678
3.34132
3.19566
3.21474
3.28782
3.27067
3.29642
3.29389
3.30392
3.2757
3.30288
3.23325
3.43666
3.27838
3.33403
3.39918
3.27105
3.2508
3.27317
3.37396
3.23317
3.26497
3.28221
3.24559
3.19566
3.19159
3.3533
3.33083
3.42232
3.50676
3.31891
3.31199
3.19159
3.2411
3.29911
3.34921
3.4559
3.32353
3.24028
3.43916
3.22352
3.35794
3.19009
3.22171
3.43846
3.22671
3.24152
3.28
3.30911
3.19009
3.2363
3.30693
3.23095
3.26707
3.31698
3.29104
3.24814
3.20367
3.20923
3.29497
3.30027
3.36498
3.20922
3.27785
3.22861
3.26027
3.34821
3.30018
3.27105
3.24814
3.31374
3.28298
3.3393
3.28557
3.19009
3.20922
3.27675
3.27728
3.25813
3.2999
3.24814
3.21815
3.26329
3.22339
3.211
3.24837
3.18637
3.44699
3.22796
3.23943
3.286
3.28614
3.21758
3.26435
3.31132
3.28036
3.3999
3.34404
3.2664
3.26742
3.28631
3.21801
3.24612
3.35534
3.277
3.211
3.36901
3.29098
3.27223
3.32076
3.21758
3.37185
3.34029
3.24153
3.21381
3.29163
3.25018
3.20638
3.24623
3.27374
3.30439
3.23757
3.19566
3.25808
3.21932
3.19566
3.2943
3.33328
3.2728
3.27612
3.25498
3.19159
3.25459
3.33527
3.2764
3.36033
3.19009
3.25145
3.32569
3.19531
3.22352
3.32284
3.21381
3.20922
3.2086
3.26375
3.21801
3.39763
3.28757
3.24589
3.24038
3.27164
3.2357
3.28451
3.28677
3.22796
3.32488
3.33471
3.21381
3.19159
3.24315
3.32801
3.23934
3.20923
3.20923
3.19995
3.23651
3.20923
3.21245
3.20872
3.26907
3.21411
3.29143
3.22635
3.26794
3.20087
3.2985
3.31782
3.39949
3.47137
3.20922
3.24623
3.20872
3.18637
3.22187
3.43041
3.2086
3.29859
3.358
3.21411
3.19995
3.19009
3.25145
3.24153
3.22489
3.34487
3.30445
3.26541
3.19566
3.19009
3.19009
3.39609
3.24202
3.2363
3.40122
3.27581
3.2363
3.23943
3.36577
3.26541
3.33711
3.20638
3.20872
3.19159
3.211
3.18637
3.29342
3.26376
3.35081
3.22544
3.28355
3.30578
3.23943
3.28421
3.32282
3.22635
3.19531
3.28008
3.26185
3.33965
3.2815
3.23192
3.22671
3.19009
3.27412
3.42676
3.22635
3.231
3.28594
3.44612
3.20872
3.231
3.25984
3.3559
3.34454
3.22861
3.20087
3.22814
3.33942
3.26812
3.19566
3.19566
3.35299
3.29679
3.31283
3.38532
3.22339
3.21815
3.20922
3.21411
3.19566
3.19009
3.21245
3.20579
3.19531
3.22217
3.25984
3.35497
3.39085
3.19531
3.2779
3.21381
3.26926
3.25865
3.22768
3.20923
3.27951
3.20638
3.39681
3.28043
3.35831
3.29504
3.30886
3.22187
3.20872
3.26435
3.19159
3.19531
3.22814
3.26839
3.23684
3.33237
3.25145
3.22339
3.204
3.24202
3.23588
3.31376
3.34286
3.43294
3.35497
3.30995
3.20367
3.24589
3.3068
3.2086
3.21801
3.25807
3.31527
3.26535
3.37818
3.23325
3.21474
3.23931
3.32723
3.22796
3.19531
3.20087
3.29308
3.30745
3.24028
3.25849
3.19566
3.19531
3.26335
3.23943
3.39337
3.19531
3.19159
3.19009
3.31214
3.33159
3.34279
3.24602
3.2534
3.28498
3.32053
3.20087
3.26808
3.21381
3.43951
3.22187
3.19159
3.2778
3.19566
3.21815
3.21801
3.25867
3.31728
3.30734
3.30866
3.30742
3.28133
3.22671
3.2508
3.22796
3.24153
3.28331
3.33405
3.22768
3.24837
3.20367
3.21801
3.20087
3.24207
3.34121
3.23325
3.19009
3.26335
3.25913
3.26106
3.20922
3.27747
3.22171
3.22339
3.40199
3.22187
3.2086
3.2086
3.29929
3.26027
3.28989
3.20087
3.24623
3.34668
3.31995
3.22861
3.22768
3.19566
3.20872
3.20579
3.19159
3.19995
3.24292
3.211
3.33831
3.23943
3.28036
3.26205
3.2427
3.27755
3.26687
3.28014
3.20367
3.31283
3.31729
3.20367
3.39965
3.23943
3.24028
3.25974
3.19159
3.32151
3.20367
3.28674
3.22796
3.38311
3.24589
3.29923
3.19566
3.30271
3.25984
3.2717
3.25459
3.19566
3.26106
3.21474
3.22352
3.19159
3.18637
3.19995
3.2915
3.19009
3.24871
3.28008
3.24553
3.19159
3.22544
3.18637
3.27218
3.25699
3.19009
3.18637
3.27164
3.28147
3.2086
3.21801
3.21936
3.25549
3.34093
3.30049
3.2086
3.21801
3.21801
3.24767
3.31234
3.21474
3.18637
3.20087
3.29022
3.22544
3.20922
3.23095
3.22768
3.36991
3.32284
3.27728
3.40925
3.19009
3.31278
3.20923
3.18637
3.20579
3.19159
3.30191
3.39662
3.22217
3.18637
3.23588
3.28036
3.22489
3.19531
3.29148
3.34458
3.20922
3.22849
3.30495
3.24038
3.22489
3.21758
3.24602
3.23934
3.23934
3.20087
3.21381
3.27063
3.27164
3.27463
3.34801
3.25544
3.26329
3.24612
3.22796
3.20579
3.20367
3.30328
3.19159
3.28498
3.20923
3.18637
3.22744
3.22744
3.19531
3.22171
3.18637
3.20923
3.2664
3.20087
3.18637
3.36751
3.25919
3.20117
3.26082
3.20638
3.2696
3.19159
3.2727
3.29184
3.18637
3.21245
3.19531
3.28098
3.21245
3.21245
3.40199
3.28036
3.19009
3.30439
3.25661
3.3074
3.19531
3.2086
3.25177
3.20117
3.204
3.20872
3.25346
3.22171
3.21932
3.19159
3.24708
3.27274
3.24767
3.29492
3.24559
3.32387
3.19566
3.25389
3.29401
3.29108
3.19995
3.204
3.29208
3.2357
3.3081
3.18637
3.19009
3.22217
3.22849
3.21815
3.3754
3.28926
3.24623
3.28552
3.27263
3.25913
3.35394
3.23095
3.21474
3.20367
3.19009
3.30324
3.25145
3.19995
3.24091
3.23697
3.18637
3.30503
3.22796
3.22671
3.23317
3.24708
3.24906
3.18637
3.2918
3.30473
3.27119
3.19009
3.24315
3.24186
3.26742
3.29022
3.34526
3.29225
3.27721
3.19995
3.19159
3.21245
3.20367
3.22187
3.25517
3.20638
3.19566
3.19995
3.26748
3.21932
3.22339
3.24612
3.24394
3.23317
3.20367
3.29986
3.34203
3.26808
3.21411
3.21936
3.26106
3.3765
3.26337
3.211
3.20087
3.23095
3.3358
3.21411
3.22339
3.20117
3.20922
3.28078
3.19531
3.19159
3.26709
3.31558
3.35971
3.24394
3.27207
3.30886
3.20367
3.20087
3.28629
3.20367
3.18637
3.20117
3.19995
3.26742
3.3308
3.25813
3.25807
3.23317
3.25139
3.22187
3.19159
3.24927
3.20872
3.23943
3.23295
3.22861
3.19009
3.20367
3.24708
3.19159
3.22861
3.23943
3.2086
3.31446
3.32569
3.2764
3.22796
3.19566
3.19009
3.26335
3.20579
3.21381
3.25805
3.20579
3.29407
3.30866
3.19995
3.27755
3.18637
3.24559
3.28317
3.19159
3.19531
3.19159
3.21411
3.19995
3.2843
3.24837
3.20923
3.34281
3.18637
3.25913
3.21381
3.19009
3.29213
3.24589
3.35728
3.29057
3.25832
3.24102
3.24315
3.22744
3.21815
3.19995
3.24315
3.29807
3.37533
3.23697
3.18637
3.21758
3.22489
3.20638
3.37492
3.22768
3.3178
3.2978
3.24464
3.19566
3.19159
3.19009
3.24464
3.32506
3.19566
3.2086
3.20087
3.27945
3.27945
3.25124
3.27652
3.18637
3.23684
3.20117
3.19531
3.21411
3.23095
3.38593
3.27164
3.23578
3.20087
3.20922
3.22671
3.24315
3.20367
3.25177
3.23325
3.25884
3.26027
3.19531
3.24153
3.20117
3.21245
3.35305
3.29923
3.27263
3.26627
3.2357
3.19009
3.3081
3.28977
3.20367
3.18637
3.20579
3.204
3.20922
3.24038
3.21411
3.3157
3.28629
3.2728
3.21932
3.211
3.28101
3.3101
3.24153
3.31808
3.25389
3.21815
3.231
3.19995
3.18637
3.19159
3.18637
3.18637
3.19159
3.22489
3.24927
3.23931
3.19531
3.20922
3.19009
3.28014
3.2414
3.35114
3.211
3.22187
3.2086
3.19995
3.29576
3.28541
3.19566
3.2411
3.20922
3.24102
3.24996
3.26185
3.21758
3.20872
3.22796
3.25813
3.24927
3.19159
3.20087
3.21815
3.23295
3.34508
3.18637
3.21936
3.19009
3.27814
3.19009
3.24315
3.21936
3.2508
3.20923
3.29967
3.21381
3.25805
3.20923
3.25018
3.25501
3.27119
3.24394
3.24927
3.20872
3.25544
3.30329
3.25031
3.23757
3.23192
3.19159
3.26541
3.24315
3.21245
3.31931
3.22489
3.18637
3.26851
3.22768
3.27543
3.19566
3.27645
3.18637
3.21381
3.18637
3.20367
3.21758
3.22187
3.204
3.26627
3.24553
3.19566
3.28101
3.3497
3.19995
3.21411
3.21967
3.20117
3.26716
3.20087
3.28317
3.27412
3.19995
3.21411
3.23684
3.19009
3.18637
3.23931
3.23943
3.2764
3.21474
3.19159
3.22187
3.26185
3.21245
3.25913
3.20922
3.23684
3.18637
3.21474
3.31664
3.2357
3.20087
3.25139
3.19009
3.2534
3.19995
3.25807
3.21967
3.19531
3.28106
3.30845
3.22187
3.19995
3.2086
3.18637
3.19009
3.19531
3.25808
3.22544
3.26687
3.32246
3.20367
3.24623
3.18637
3.19009
3.19566
3.2851
3.22217
3.20087
3.31231
3.19566
3.19531
3.20579
3.23371
3.2086
3.20087
3.20087
3.2414
3.2414
3.24207
3.2363
3.20638
3.25106
3.22352
3.19009
3.27119
3.21758
3.33027
3.4163
3.26106
3.29284
3.2086
3.18637
3.20367
3.204
3.22187
3.20579
3.25699
3.19009
3.21411
3.19531
3.18637
3.20087
3.18637
3.22768
3.20367
3.204
3.23317
3.23095
3.18637
3.21815
3.27274
3.21245
3.19566
3.22814
3.25913
3.19566
3.18637
3.21967
3.34681
3.23095
3.20923
3.18637
3.19566
3.24814
3.20922
3.25874
3.24575
3.20087
3.33089
3.34523
3.2363
3.20579
3.20872
3.18637
3.21815
3.26497
3.28557
3.26185
3.21815
3.23757
3.2086
3.19159
3.19995
3.20872
3.3002
3.19995
3.21411
3.24028
3.22217
3.21411
3.2778
3.21936
3.19995
3.25699
3.25549
3.26375
3.23757
3.18637
3.21758
3.22187
3.25018
3.2858
3.21381
3.20117
3.24996
3.2888
3.35134
3.19566
3.211
3.22489
3.20087
3.19009
3.2086
3.21758
3.20087
3.20087
3.23578
3.20872
3.21936
3.24205
3.19995
3.19995
3.24205
3.19159
3.30316
3.29363
3.2086
3.30664
3.19995
3.27627
3.19009
3.31733
3.19566
3.19159
3.20922
3.20087
3.22489
3.19531
3.24575
3.25393
3.30827
3.19009
3.22671
3.18637
3.19159
3.24575
3.24837
3.23757
3.20872
3.21381
3.2086
3.2086
3.204
3.20117
3.20117
3.28093
3.35836
3.19009
3.21801
3.25085
3.19009
3.23646
3.34739
3.19531
3.18637
3.21474
3.2363
3.21801
3.24623
3.24474
3.24474
3.19531
3.22861
3.22796
3.19159
3.28472
3.19531
3.24996
3.49048
3.20117
3.20117
3.34925
3.20923
3.2414
3.19009
3.21474
3.21411
3.24474
3.25813
3.19159
3.23931
3.18637
3.27178
3.29308
3.21936
3.18637
3.22744
3.28594
3.18637
3.28078
3.18637
3.18637
3.20579
3.20367
3.21245
3.23317
3.29284
3.19566
3.19566
3.18637
3.21801
3.23748
3.20922
3.27921
3.20117
3.19009
3.20087
3.24202
3.20579
3.24394
3.18637
3.22671
3.19159
3.19566
3.19009
3.25124
3.24153
3.2086
3.23646
3.25346
3.20579
3.19009
3.25699
3.23317
3.19531
3.3375
3.20367
3.20872
3.18637
3.18637
3.18637
3.19531
3.29635
3.27868
3.27318
3.274
3.20638
3.19566
3.33237
3.23697
3.19566
3.32673
3.27842
3.34386
3.211
3.18637
3.19566
3.19159
3.2086
3.18637
3.21411
3.21758
3.18637
3.19531
3.22635
3.29929
3.22171
3.2086
3.19995
3.2943
3.26205
3.20087
3.23295
3.22171
3.21381
3.27814
3.20922
3.20922
3.19566
3.22671
3.20087
3.19009
3.20117
3.19159
3.21245
3.18637
3.21758
3.24038
3.24207
3.18637
3.19531
3.19531
3.2086
3.277
3.2086
3.24032
3.20087
3.21411
3.19009
3.19009
3.19159
3.23943
3.23943
3.18637
3.19995
3.23651
3.21932
3.19009
3.24102
3.24186
3.25807
3.25422
3.33384
3.27291
3.19531
3.20117
3.24292
3.27364
3.20579
3.24814
3.231
3.26541
3.25389
3.24927
3.22339
3.2414
3.24153
3.30316
3.24814
3.27481
3.20087
3.20367
3.2086
3.19566
3.2086
3.22489
3.2865
3.2411
3.19009
3.19009
3.20923
3.18637
3.18637
3.3068
3.20117
3.20923
3.23325
3.19566
3.18637
3.18637
3.21381
3.22796
3.25134
3.19566
3.18637
3.19009
3.19009
3.21245
3.19531
3.24152
3.2888
3.25517
3.19009
3.21245
3.2086
3.19159
3.19009
3.26422
3.23317
3.26435
3.26435
3.19159
3.21411
3.22671
3.29195
3.25422
3.25124
3.22849
3.20087
3.25913
3.21474
3.20638
3.2086
3.18637
3.29057
3.26106
3.19531
3.3058
3.19159
3.2427
3.25645
3.18637
3.29847
3.20087
3.20638
3.27813
3.18637
3.24292
3.19009
3.23684
3.21758
3.21815
3.21411
3.19009
3.24028
3.18637
3.2086
3.22861
3.22339
3.2086
3.20638
3.20638
3.25422
3.2086
3.20117
3.19159
3.20638
3.2086
3.24038
3.28594
3.2086
3.18637
3.18637
3.20922
3.25177
3.19995
3.21801
3.19566
3.19566
3.24113
3.20367
3.20367
3.20117
3.18637
3.20638
3.18637
3.35895
3.18637
3.19531
3.22352
3.19009
3.302
3.26082
3.29457
3.26748
3.22768
3.2341
3.21381
3.19566
3.22671
3.19566
3.29957
3.18637
3.19009
3.25813
3.20367
3.20579
3.20872
3.22217
3.26862
3.19566
3.19009
3.23578
3.21758
3.18637
3.18637
3.19995
3.24987
3.22544
3.22339
3.18637
3.19995
3.19159
3.2508
3.29916
3.21411
3.19159
3.19159
3.19531
3.21245
3.19566
3.20087
3.23684
3.20087
3.19566
3.18637
3.20087
3.19531
3.24186
3.24814
3.19995
3.204
3.25041
3.24205
3.20923
3.18637
3.21411
3.20579
3.23192
3.28936
3.24602
3.34068
3.19159
3.26435
3.25422
3.19009
3.20117
3.21411
3.23095
3.19566
3.23295
3.2357
3.20087
3.19566
3.19566
3.23295
3.26541
3.18637
3.2086
3.20087
3.20087
3.21474
3.19159
3.22849
3.22187
3.19159
3.19566
3.20579
3.25807
3.21411
3.22352
3.18637
3.28199
3.26329
3.19009
3.24553
3.19531
3.22544
3.2086
3.20087
3.21381
3.20117
3.19995
3.19159
3.19566
3.18637
3.21381
3.21381
3.18637
3.204
3.211
3.24113
3.27152
3.18637
3.21381
3.21411
3.20638
3.19159
3.21967
3.22849
3.23588
3.23931
3.19009
3.19566
3.26027
3.20872
3.33086
3.2086
3.20117
3.18637
3.19009
3.20087
3.19009
3.20117
3.22171
3.204
3.22796
3.19009
3.2357
3.204
3.21381
3.20367
3.20579
3.2554
3.19009
3.18637
3.18637
3.33607
3.24102
3.18637
3.25706
3.25706
3.21381
3.19009
3.24315
3.29107
3.19531
3.19995
3.19531
3.20922
3.19009
3.19009
3.19531
3.22814
3.20638
3.26071
3.21474
3.18637
3.25549
3.20367
3.19995
3.27123
3.24871
3.21245
3.19009
3.21245
3.20367
3.20872
3.19995
3.24207
3.19566
3.19531
3.18637
3.2086
3.18637
3.24602
3.18637
3.18637
3.19159
3.20367
3.20579
3.25393
3.35089
3.22671
3.19009
3.19009
3.28662
3.22796
3.19009
3.19566
3.22671
3.22849
3.20872
3.21932
3.20923
3.19531
3.24152
3.18637
3.2086
3.21381
3.19009
3.21245
3.19566
3.2086
3.25041
3.19159
3.19159
3.23317
3.22671
3.19159
3.19009
3.19566
3.22796
3.18637
3.19995
3.25849
3.20872
3.2414
3.19009
3.18637
3.204
3.20923
3.27123
3.21245
3.23095
3.28093
3.21815
3.204
3.19531
3.20367
3.20579
3.23317
3.23317
3.26205
3.2357
3.19566
3.31912
3.18637
3.18637
3.211
3.23317
3.21815
3.18637
3.24945
3.22339
3.20638
3.24315
3.19531
3.24464
3.26179
3.22671
3.27161
3.20087
3.2534
3.28147
3.18637
3.20117
3.31908
3.20922
3.22171
3.19159
3.22217
3.20923
3.22768
3.19009
3.19159
3.24205
3.2086
3.19531
3.19566
3.18637
3.18637
3.21474
3.19009
3.19159
3.20087
3.22814
3.21245
3.22339
3.19009
3.20638
3.18637
3.2086
3.2086
3.23943
3.22339
3.20117
3.21245
3.20872
3.18637
3.18637
3.19995
3.204
3.38803
3.2357
3.18637
3.20922
3.19531
3.19995
3.19566
3.20579
3.2664
3.18637
3.2086
3.22489
3.24996
3.19566
3.19566
3.18637
3.19009
3.22671
3.25085
3.211
3.19159
3.18637
3.18637
3.19009
3.22849
3.24028
3.20923
3.21245
3.19531
3.20638
3.19531
3.2357
3.28029
3.18637
3.22744
3.19159
3.19009
3.29463
3.20923
3.20579
3.25393
3.25389
3.19009
3.26627
3.20367
3.30382
3.25549
3.28036
3.35178
3.19159
3.19009
3.22744
3.20872
3.19995
3.19159
3.19009
3.18637
3.19531
3.24987
3.27291
3.19009
3.28196
3.27269
3.19159
3.19531
3.27748
3.19009
3.19566
3.20087
3.20117
3.2086
3.19531
3.19009
3.19159
3.24202
3.2086
3.19009
3.18637
3.20367
3.19531
3.19009
3.21967
3.20579
3.19159
3.19159
3.20579
3.19009
3.27238
3.24091
3.19009
3.18637
3.21381
3.22217
3.18637
3.20087
3.25544
3.21245
3.19995
3.20367
3.20117
3.18637
3.20087
3.25699
3.25813
3.26106
3.20923
3.25106
3.23295
3.18637
3.20923
3.21967
3.26179
3.19995
3.231
3.18637
3.22635
3.25393
3.18637
3.18637
3.22671
3.22352
3.18637
3.22217
3.22217
3.33643
3.24186
3.19159
3.22849
3.19566
3.19995
3.18637
3.2414
3.22744
3.24102
3.2086
3.18637
3.21381
3.19531
3.18637
3.20638
3.25459
3.18637
3.18637
3.21245
3.2086
3.22339
3.20638
3.25501
3.21936
3.19531
3.23588
3.18637
3.18637
3.20367
3.20638
3.19995
3.18637
3.20923
3.25913
3.20087
3.22339
3.2086
3.25984
3.19995
3.22171
3.19995
3.19995
3.20923
3.20922
3.18637
3.19009
3.2843
3.27813
3.19566
3.28875
3.24559
3.20087
3.27794
3.18637
3.19995
3.19009
3.2086
3.20579
3.19009
3.211
3.19531
3.18637
3.19531
3.21381
3.19159
3.25865
3.19009
3.19159
3.19009
3.19531
3.19159
3.19531
3.18637
3.21245
3.21967
3.26376
3.19159
3.18637
3.19566
3.21411
3.18637
3.22849
3.19995
3.204
3.20087
3.19009
3.25031
3.23095
3.21936
3.28721
3.28169
3.22849
3.19159
3.18637
3.19995
3.19531
3.19009
3.20922
3.18637
3.20638
3.18637
3.18637
3.20579
3.23295
3.26384
3.24623
3.21936
3.19531
3.19009
3.19159
3.19159
3.20872
3.19531
3.19566
3.20087
3.18637
3.18637
3.2534
3.24202
3.26627
3.23371
3.37695
3.24207
3.21474
3.18637
3.26603
3.23697
3.20579
3.18637
3.24871
3.26082
3.18637
3.19531
3.19159
3.25085
3.18637
3.18637
3.24315
3.20923
3.19009
3.18637
3.19159
3.23931
3.19159
3.20579
3.20579
3.20367
3.20638
3.19009
3.204
3.26736
3.21411
3.19009
3.24474
3.19531
3.25813
3.25813
3.20367
3.27576
3.204
3.23371
3.19531
3.19995
3.19159
3.19159
3.18637
3.19995
3.19566
3.19566
3.20117
3.20117
3.2086
3.20367
3.19159
3.29393
3.19009
3.19566
3.2341
3.24032
3.21936
3.20367
3.18637
3.18637
3.18637
3.18637
3.20923
3.24186
3.19009
3.19009
3.19531
3.18637
3.24996
3.24292
3.26318
3.21474
3.18637
3.18637
3.19531
3.21381
3.18637
3.25041
3.22171
3.21411
3.20087
3.20367
3.19009
3.18637
3.20922
3.19009
3.21245
3.20923
3.18637
3.19159
3.19566
3.22489
3.18637
3.25944
3.23325
3.2086
3.21381
3.21967
3.20872
3.19009
3.19009
3.20638
3.22171
3.21245
3.18637
3.19159
3.20872
3.19531
3.20367
3.20923
3.18637
3.19009
3.20872
3.18637
3.18637
3.21245
3.18637
3.24474
3.19159
3.19009
3.21967
3.22352
3.22217
3.21936
3.21474
3.21936
3.20579
3.19159
3.21967
3.19531
3.19159
3.20922
3.19566
3.19009
3.18637
3.21932
3.204
3.23317
3.26335
3.20117
3.18637
3.19159
3.19009
3.19159
3.18637
3.18637
3.19009
3.22849
3.2086
3.204
3.18637
3.28465
3.19566
3.19531
3.20638
3.19531
3.19566
3.19009
3.18637
3.19009
3.19995
3.19531
3.19159
3.24708
3.21411
3.18637
3.19566
3.19009
3.20579
3.19531
3.24559
3.22744
3.19159
3.19159
3.18637
3.2086
3.18637
3.19009
3.23943
3.18637
3.2086
3.18637
3.19995
3.18637
3.18637
3.20087
3.19995
3.18637
3.2086
3.21758
3.18637
3.18637
3.19995
3.18637
3.20638
3.24474
3.20638
3.2357
3.204
3.20922
3.20923
3.18637
3.18637
3.21474
3.18637
3.19566
3.19159
3.19159
3.19159
3.18637
3.19566
3.204
3.18637
3.19531
3.18637
3.2414
3.20638
3.19566
3.27951
3.19159
3.20922
3.204
3.18637
3.22814
3.28093
3.21801
3.19995
3.204
3.19566
3.18637
3.18637
3.20872
3.21381
3.24038
3.22671
3.19566
3.19009
3.23371
3.21758
3.26269
3.22814
3.21936
3.21245
3.23697
3.31374
3.20117
3.20087
3.19566
3.21381
3.20117
3.23943
3.19531
3.24837
3.18637
3.19159
3.19159
3.20117
3.19009
3.19995
3.19531
3.23192
3.26742
3.19009
3.277
3.21932
3.18637
3.19531
3.19995
3.22187
3.18637
3.18637
3.21381
3.23757
3.18637
3.21381
3.20367
3.21758
3.18637
3.23095
3.22671
3.18637
3.19566
3.20922
3.2086
3.18637
3.18637
3.21411
3.18637
3.19531
3.20579
3.2086
3.19009
3.204
3.26335
3.21474
3.19159
3.20579
3.21381
3.20087
3.19009
3.18637
3.19566
3.2341
3.2357
3.2086
3.18637
3.20579
3.19995
3.21474
3.19009
3.18637
3.19009
3.19566
3.25459
3.19159
3.23588
3.19009
3.19159
3.27263
3.18637
3.23943
3.19159
3.19159
3.18637
3.22814
3.19566
3.19009
3.18637
3.18637
3.19531
3.20638
3.22352
3.20923
3.20087
3.20367
3.20367
3.18637
3.19531
3.2086
3.22796
3.19566
3.18637
3.20117
3.20087
3.19009
3.19009
3.18637
3.18637
3.18637
3.19159
3.19159
3.20923
3.2086
3.19159
3.18637
3.19159
3.23646
3.19159
3.21758
3.19995
3.19995
3.19995
3.22171
3.21474
3.19566
3.22352
3.19009
3.20087
3.22489
3.19566
3.18637
3.28972
3.26205
3.19531
3.18637
3.2086
3.18637
3.2086
3.19531
3.20872
3.23192
3.20117
3.21381
3.19009
3.18637
3.18637
3.19566
3.18637
3.20923
3.21411
3.18637
3.18637
3.21801
3.19159
3.28507
3.19566
3.19566
3.18637
3.20087
3.19566
3.21381
3.18637
3.18637
3.20117
3.19159
3.204
3.19009
3.24207
3.19009
3.20367
3.19566
3.2086
3.19531
3.19995
3.20117
3.22171
3.21815
3.19531
3.2086
3.24837
3.20367
3.26071
3.19159
3.21381
3.20117
3.18637
3.20087
3.22217
3.20872
3.19159
3.27627
3.30288
3.18637
3.19531
3.19159
3.20367
3.19009
3.19566
3.22339
3.20087
3.18637
3.2363
3.19566
3.19009
3.19009
3.18637
3.21815
3.19531
3.20117
3.20087
3.19159
3.19566
3.28036
3.18637
3.19995
3.19566
3.18637
3.19009
3.204
3.19009
3.19009
3.20638
3.18637
3.18637
3.19531
3.20579
3.24186
3.19159
3.19009
3.18637
3.19159
3.19995
3.19566
3.18637
3.21967
3.18637
3.2086
3.19531
3.25459
3.21381
3.25832
3.21474
3.28093
3.21245
3.19531
3.19566
3.2086
3.19009
3.19159
3.19159
3.18637
3.18637
3.19531
3.2086
3.27814
3.21967
3.19566
3.18637
3.21815
3.19159
3.24767
3.19995
3.2086
3.19159
3.24032
3.19159
3.20872
3.19531
3.22796
3.19009
3.19995
3.19009
3.21801
3.22339
3.23371
3.19995
3.19566
3.20117
3.24102
3.25422
3.19566
3.19159
3.2341
3.2086
3.19159
3.19009
3.20367
3.19159
3.19566
3.18637
3.18637
3.20638
3.20872
3.20922
3.2086
3.18637
3.19009
3.20579
3.18637
3.18637
3.19009
3.19009
3.21967
3.19009
3.19159
3.25459
3.22796
3.22796
3.22171
3.20087
3.20087
3.2086
3.204
3.19009
3.18637
3.19995
3.20367
3.18637
3.21381
3.19009
3.19009
3.20638
3.19009
3.22849
3.21815
3.19995
3.22187
3.25865
3.21932
3.18637
3.18637
3.19009
3.18637
3.19009
3.18637
3.22339
3.19159
3.21381
3.23588
3.21815
3.18637
3.28627
3.20367
3.19009
3.21967
3.18637
3.204
3.20579
3.18637
3.18637
3.22635
3.18637
3.21411
3.22768
3.19159
3.21381
3.21381
3.18637
3.19995
3.18637
3.19995
3.18637
3.24623
3.19995
3.26176
3.19159
3.19009
3.20117
3.19009
3.19009
3.19995
3.18637
3.18637
3.19531
3.19566
3.19159
3.204
3.18637
3.18637
3.20367
3.19995
3.18637
3.18637
3.22861
3.2086
3.18637
3.18637
3.19009
3.18637
3.20117
3.18637
3.18637
3.19531
3.18637
3.21411
3.19995
3.20117
3.20117
3.24315
3.20367
3.23943
3.18637
3.19159
3.19159
3.20087
3.2363
3.19566
3.20117
3.19159
3.18637
3.21815
3.18637
3.18637
3.20923
3.20922
3.24575
3.18637
3.19566
3.204
3.19009
3.24153
3.20638
3.19566
3.26839
3.18637
3.19531
3.19009
3.22861
3.19531
3.19159
3.18637
3.18637
3.19159
3.18637
3.20367
3.19531
3.20638
3.19531
3.21411
3.19009
3.18637
3.19566
3.27273
3.19009
3.19009
3.204
3.18637
3.23757
3.18637
3.18637
3.19531
3.19159
3.2086
3.19159
3.19566
3.19159
3.20922
3.18637
3.19009
3.18637
3.2086
3.18637
3.26106
3.19531
3.18637
3.18637
3.19009
3.19009
3.20117
3.18637
3.18637
3.19995
3.19159
3.20872
3.19159
3.23095
3.19009
3.23943
3.2086
3.20923
3.19009
3.20579
3.24315
3.19531
3.204
3.22217
3.21967
3.18637
3.19159
3.19159
3.23095
3.19009
3.22849
3.254
3.18637
3.18637
3.18637
3.20579
3.18637
3.22544
3.19159
3.18637
3.21758
3.18637
3.19159
3.20367
3.19159
3.19159
3.20117
3.18637
3.18637
3.20087
3.18637
3.20117
3.18637
3.21967
3.2086
3.19531
3.23295
3.24559
3.204
3.22796
3.21758
3.19566
3.24102
3.19531
3.19566
3.18637
3.18637
3.18637
3.20117
3.18637
3.18637
3.18637
3.20922
3.19995
3.25867
3.24202
3.18637
3.19159
3.19159
3.19531
3.20117
3.20923
3.19159
3.19159
3.19566
3.18637
3.24091
3.18637
3.19995
3.19531
3.19159
3.19531
3.18637
3.18637
3.19159
3.18637
3.19566
3.19159
3.19566
3.20117
3.19566
3.19159
3.19009
3.21936
3.18637
3.20367
3.18637
3.19531
3.19531
3.18637
3.20872
3.21815
3.18637
3.18637
3.21967
3.20367
3.18637
3.19566
3.19159
3.23371
3.18637
3.20117
3.20638
3.19009
3.18637
3.19159
3.18637
3.18637
3.2086
3.18637
3.19531
3.19009
3.20367
3.23943
3.21474
3.21758
3.22171
3.18637
3.18637
3.19159
3.18637
3.18637
3.19009
3.19009
3.21411
3.20922
3.19566
3.19009
3.22187
3.18637
3.18637
3.19531
3.19159
3.19995
3.19995
3.21381
3.19009
3.19009
3.18637
3.19159
3.2363
3.22217
3.19159
3.20579
3.22339
3.21967
3.20117
3.19009
3.19566
3.18637
3.24113
3.18637
3.23317
3.18637
3.19531
3.26794
3.25031
3.2086
3.21474
3.19531
3.19009
3.19009
3.18637
3.22171
3.20922
3.20872
3.18637
3.19009
3.18637
3.19009
3.19995
3.19009
3.21474
3.18637
3.18637
3.2086
3.19159
3.18637
3.18637
3.20087
3.22171
3.18637
3.2086
3.23943
3.19531
3.36987
3.20872
3.18637
3.18637
3.19566
3.19566
3.18637
3.18637
3.18637
3.18637
3.19531
3.19009
3.2086
3.20087
3.20367
3.24474
3.18637
3.18637
3.19009
3.22544
3.19566
3.21936
3.19159
3.18637
3.23325
3.21815
3.19159
3.20087
3.23371
3.22744
3.19995
3.2086
3.24837
3.20923
3.19566
3.20117
3.19159
3.18637
3.22768
3.18637
3.19159
3.19566
3.20872
3.19159
3.2414
3.18637
3.18637
3.18637
3.19159
3.19009
3.22217
3.18637
3.20579
3.2341
3.19009
3.18637
3.18637
3.19159
3.18637
3.19159
3.19531
3.23943
3.24987
3.19995
3.19995
3.19531
3.18637
3.18637
3.19159
3.20087
3.19009
3.19566
3.19995
3.20872
3.18637
3.18637
3.204
3.19009
3.19009
3.204
3.18637
3.19009
3.19531
3.20087
3.19159
3.20872
3.18637
3.18637
3.20087
3.20872
3.21758
3.18637
3.18637
3.18637
3.19009
3.18637
3.24153
3.18637
3.19995
3.19009
3.19009
3.19009
3.19159
3.23697
3.18637
3.19566
3.19531
3.21411
3.19995
3.19159
3.19531
3.19009
3.20367
3.231
3.19159
3.19995
3.21932
3.19009
3.2086
3.20923
3.19009
3.18637
3.20872
3.19009
3.19159
3.19159
3.26335
3.22187
3.19159
3.19009
3.18637
3.19531
3.18637
3.19159
3.20087
3.18637
3.22796
3.18637
3.20367
3.2414
3.19009
3.20087
3.22796
3.18637
3.18637
3.20579
3.19566
3.2086
3.18637
3.21932
3.18637
3.20367
3.19009
3.18637
3.24315
3.2086
3.20579
3.20638
3.18637
3.20117
3.21474
3.21245
3.19009
3.19159
3.19009
3.18637
3.19009
3.18637
3.18637
3.21411
3.19159
3.18637
3.19566
3.20087
3.2086
3.20579
3.19009
3.19009
3.20638
3.18637
3.19531
3.19531
3.22768
3.18637
3.19159
3.19009
3.26185
3.21245
3.22861
3.19009
3.19009
3.20117
3.18637
3.18637
3.20922
3.19159
3.19566
3.20579
3.20367
3.204
3.20872
3.204
3.22187
3.18637
3.19159
3.20579
3.19159
3.18637
3.19995
3.18637
3.22187
3.2341
3.19995
3.19995
3.21245
3.20579
3.18637
3.22671
3.20638
3.19566
3.18637
3.19531
3.18637
3.19566
3.19531
3.20117
3.18637
3.19009
3.19009
3.18637
3.20638
3.18637
3.18637
3.18637
3.24474
3.21967
3.2086
3.19009
3.19159
3.18637
3.22768
3.19531
3.19159
3.211
3.2086
3.19159
3.19159
3.19159
3.18637
3.26435
3.211
3.18637
3.19009
3.2411
3.18637
3.19566
3.24474
3.24767
3.204
3.19995
3.18637
3.19531
3.18637
3.19009
3.19566
3.19566
3.19009
3.19159
3.19159
3.18637
3.21967
3.18637
3.18637
3.19566
3.19566
3.19009
3.20087
3.20087
3.20087
3.19009
3.19009
3.18637
3.23095
3.19995
3.19159
3.18637
3.18637
3.2341
3.19009
3.19995
3.20638
3.21758
3.19995
3.19995
3.18637
3.19995
3.26742
3.19009
3.18637
3.19159
3.204
3.19009
3.19566
3.18637
3.18637
3.19531
3.20087
3.20087
3.20117
3.19566
3.231
3.22171
3.23588
3.21758
3.18637
3.20117
3.21245
3.24987
3.19159
3.18637
3.20638
3.19566
3.19009
3.19566
3.20579
3.23095
3.18637
3.18637
3.19566
3.18637
3.18637
3.21967
3.21381
3.22671
3.20923
3.20922
3.20922
3.20087
3.204
3.19009
3.2363
3.19531
3.28662
3.20087
3.2086
3.19995
3.19566
3.21411
3.18637
3.18637
3.18637
3.19159
3.19995
3.20367
3.18637
3.18637
3.19159
3.19009
3.21381
3.19159
3.19009
3.18637
3.18637
3.18637
3.19009
3.18637
3.19009
3.19566
3.18637
3.19995
3.23588
3.21801
3.20922
3.19009
3.19531
3.20087
3.18637
3.19009
3.20367
3.18637
3.20087
3.20922
3.18637
3.20872
3.19009
3.19566
3.18637
3.19009
3.18637
3.21474
3.19995
3.20367
3.18637
3.23943
3.25813
3.24602
3.18637
3.19009
3.18637
3.19995
3.19995
3.20579
3.22796
3.18637
3.18637
3.18637
3.18637
3.20117
3.21411
3.19995
3.20117
3.21801
3.19159
3.18637
3.19566
3.19566
3.26082
3.18637
3.18637
3.20579
3.19009
3.19566
3.19531
3.19159
3.19995
3.19009
3.18637
3.19009
3.19009
3.19009
3.19009
3.24153
3.18637
3.19995
3.18637
3.18637
3.19995
3.19009
3.26329
3.20638
3.18637
3.19009
3.19009
3.18637
3.18637
3.2086
3.20117
3.19566
3.18637
3.18637
3.18637
3.19009
3.19531
3.18637
3.19159
3.19995
3.18637
3.24559
3.19159
3.18637
3.19009
3.20087
3.2086
3.19159
3.20872
3.18637
3.204
3.20367
3.18637
3.18637
3.18637
3.24205
3.23192
3.19009
3.23095
3.18637
3.19009
3.20087
3.20638
3.18637
3.19531
3.24871
3.22796
3.19159
3.19009
3.20638
3.18637
3.2086
3.26435
3.20087
3.19159
3.22744
3.19009
3.19009
3.18637
3.19159
3.19566
3.19159
3.19566
3.19566
3.18637
3.20579
3.22744
3.23192
3.22768
3.19009
3.19159
3.2086
3.20367
3.19009
3.19009
3.20087
3.19159
3.19566
3.21967
3.18637
3.18637
3.19566
3.20367
3.2357
3.18637
3.19009
3.20117
3.18637
3.19009
3.18637
3.25549
3.18637
3.18637
3.19159
3.23588
3.19995
3.19159
3.19159
3.18637
3.18637
3.19009
3.20087
3.19009
3.18637
3.19531
3.19995
3.19995
3.18637
3.21411
3.20367
3.19531
3.2357
3.20367
3.18637
3.19531
3.19009
3.19159
3.18637
3.18637
3.19995
3.20117
3.19159
3.18637
3.21381
3.18637
3.18637
3.20087
3.22489
3.18637
3.19159
3.18637
3.19159
3.18637
3.18637
3.18637
3.20117
3.19566
3.19566
3.2086
3.19995
3.21411
3.2086
3.19531
3.20117
3.18637
3.19159
3.18637
3.18637
3.2086
3.19531
3.18637
3.18637
3.18637
3.19531
3.19531
3.26747
3.23325
3.20367
3.20922
3.20872
3.19566
3.2086
3.18637
3.204
3.20367
3.22635
3.20367
3.19009
3.19009
3.19995
3.19531
3.19159
3.19009
3.19009
3.18637
3.18637
3.19531
3.19566
3.19009
3.18637
3.19531
3.19566
3.19009
3.2086
3.19159
3.18637
3.23095
3.26082
3.24102
3.18637
3.20872
3.22187
3.18637
3.18637
3.23317
3.19531
3.19159
3.19009
3.19566
3.19566
3.18637
3.18637
3.18637
3.22489
3.26335
3.19159
3.18637
3.24612
3.19995
3.19009
3.18637
3.18637
3.19159
3.20638
3.18637
3.20367
3.21936
3.19531
3.2086
3.2086
3.18637
3.18637
3.18637
3.18637
3.22671
3.19159
3.19995
3.19531
3.18637
3.19159
3.19531
3.24102
3.19995
3.20579
3.18637
3.19566
3.19566
3.19009
3.19531
3.19009
3.19531
3.18637
3.19009
3.18637
3.19009
3.18637
3.19159
3.18637
3.23684
3.18637
3.18637
3.22171
3.19009
3.19009
3.19531
3.18637
3.24315
3.18637
3.18637
3.19009
3.18637
3.18637
3.2363
3.204
3.19159
3.18637
3.18637
3.19159
3.19009
3.18637
3.19009
3.18637
3.20117
3.21245
3.18637
3.19566
3.18637
3.22671
3.19009
3.20579
3.19995
3.21381
3.20367
3.19009
3.18637
3.21758
3.22796
3.20087
3.19159
3.20367
3.19159
3.19531
3.19009
3.20087
3.21245
3.19009
3.2086
3.19159
3.19009
3.18637
3.19159
3.18637
3.18637
3.19531
3.19566
3.21411
3.21245
3.19159
3.21815
3.19009
3.19009
3.21411
3.211
3.19009
3.18637
3.20579
3.19009
3.19159
3.19159
3.22849
3.18637
3.19009
3.18637
3.19009
3.18637
3.18637
3.19566
3.19566
3.19995
3.20579
3.19159
3.19159
3.20087
3.19159
3.19159
3.18637
3.19995
3.18637
3.19159
3.18637
3.19566
3.18637
3.19009
3.20087
3.20087
3.18637
3.19566
3.19531
3.18637
3.18637
3.19995
3.18637
3.2086
3.23651
3.19531
3.21381
3.18637
3.20087
3.19531
3.19009
3.18637
3.19995
3.19009
3.20872
3.19159
3.19009
3.18637
3.19566
3.19009
3.19009
3.19995
3.19009
3.18637
3.204
3.19009
3.18637
3.18637
3.18637
3.19531
3.18637
3.19009
3.18637
3.20087
3.2363
3.20117
3.18637
3.19159
3.2086
3.22217
3.21967
3.19009
3.19159
3.20117
3.19159
3.18637
3.19009
3.19159
3.18637
3.19159
3.19009
3.20579
3.18637
3.18637
3.20579
3.18637
3.18637
3.19009
3.23095
3.19009
3.18637
3.18637
3.18637
3.19159
3.19009
3.19159
3.20872
3.19009
3.19009
3.204
3.20367
3.19566
3.19995
3.19009
3.19159
3.19009
3.19009
3.19159
3.204
3.204
3.19531
3.18637
3.204
3.19159
3.22489
3.18637
3.20872
3.19531
3.19009
3.18637
3.18637
3.19995
3.18637
3.19995
3.20117
3.18637
3.18637
3.19159
3.19009
3.18637
3.19159
3.19159
3.18637
3.18637
3.19159
3.19009
3.19009
3.18637
3.18637
3.18637
3.19159
3.204
3.21932
3.18637
3.18637
3.18637
3.18637
3.18637
3.19009
3.21801
3.19531
3.19159
3.20923
3.18637
3.19159
3.19009
3.19995
3.19531
3.22339
3.20117
3.21411
3.20087
3.18637
3.18637
3.18637
3.204
3.18637
3.19009
3.18637
3.19159
3.18637
3.19159
3.18637
3.19995
3.19009
3.18637
3.18637
3.21381
3.18637
3.211
3.19009
3.21245
3.19159
3.18637
3.19995
3.19009
3.18637
3.19566
3.18637
3.18637
3.19009
3.25177
3.23095
3.18637
3.18637
3.19566
3.18637
3.18637
3.18637
3.19009
3.19159
3.19009
3.19009
3.19566
3.19009
3.20872
3.18637
3.18637
3.19009
3.19531
3.20923
3.18637
3.18637
3.18637
3.19566
3.18637
3.18637
3.18637
3.19159
3.18637
3.19009
3.19159
3.21932
3.19531
3.204
3.19009
3.19009
3.19009
3.19159
3.19009
3.18637
3.18637
3.20087
3.19009
3.2086
3.18637
3.18637
3.19159
3.18637
3.18637
3.21758
3.19009
3.20872
3.21411
3.2086
3.18637
3.18637
3.18637
3.18637
3.18637
3.18637
3.24028
3.18637
3.19009
3.18637
3.18637
3.19009
3.19159
3.19009
3.19566
3.19566
3.20117
3.19009
3.19995
3.19009
3.18637
3.18637
3.19009
3.20638
3.18637
3.19566
3.19009
3.18637
3.19159
3.23748
3.19531
3.19159
3.18637
3.18637
3.19159
3.18637
3.18637
3.19159
3.18637
3.18637
3.19566
3.19009
3.18637
3.18637
3.18637
3.18637
3.18637
3.20087
3.19009
3.19009
3.24996
3.19159
3.18637
3.20872
3.20367
3.18637
3.19995
3.18637
3.18637
3.19995
3.19159
3.25498
3.22768
3.19009
3.19009
3.19009
3.18637
3.19159
3.18637
3.18637
3.19995
3.18637
3.19159
3.20638
3.19159
3.19566
3.18637
3.23943
3.19159
3.19566
3.18637
3.18637
3.19566
3.19566
3.24102
3.19159
3.19531
3.18637
3.19009
3.18637
3.18637
3.19531
3.20087
3.19009
3.19009
3.19009
3.19009
3.18637
3.23295
3.19009
3.18637
3.19531
3.19995
3.19159
3.18637
3.18637
3.19531
3.19531
3.18637
3.21381
3.19009
3.18637
3.19531
3.21411
3.19009
3.18637
3.18637
3.23943
3.19995
3.2363
3.22339
3.18637
3.18637
3.20638
3.20087
3.19159
3.19531
3.18637
3.19531
3.19159
3.19009
3.19566
3.19159
3.18637
3.22849
3.23095
3.18637
3.19159
3.19009
3.19009
3.19009
3.18637
3.204
3.19009
3.18637
3.20087
3.18637
3.18637
