3.74533
3.34985
3.57574
4.43604
3.88667
3.89501
4.13152
3.72838
3.69044
4.15276
4.03916
4.18899
2.86219
3.13227
3.90641
3.45295
3.94577
3.42559
4.09879
3.68192
3.85162
3.63432
3.74278
4.10472
4.15185
3.98126
3.83374
4.11094
3.54137
4.48136
3.32026
3.18989
4.01951
3.4672
3.37552
3.87163
3.76106
3.91599
3.89196
4.10498
3.69081
3.64491
3.75096
3.66003
3.87454
3.26571
3.09543
3.89519
3.70561
3.41861
3.13937
3.18727
3.27525
2.87073
3.85633
4.11251
3.39765
3.76375
3.36224
3.08126
4.1936
2.81176
3.74869
2.76385
2.64582
3.80217
3.39109
3.81585
3.26075
2.74159
3.43222
3.17944
3.45434
3.45262
3.82096
3.94227
3.36006
3.25001
3.51091
3.03882
3.43144
2.93706
3.4325
3.64905
2.94774
3.05183
3.83371
3.31547
3.70686
3.36611
3.07536
2.71691
2.98547
3.49869
3.01301
3.64845
3.47812
3.39724
3.36349
3.1389
3.49275
3.51801
3.44328
2.51147
2.92486
3.31063
2.38712
3.53831
2.8053
3.85566
3.55063
3.72042
3.80564
3.3186
3.03255
3.8151
3.01424
2.99155
2.86108
3.96289
3.31573
2.97172
2.37729
3.18694
2.86139
3.30822
3.77853
3.23306
3.27863
3.27788
3.39217
2.69287
3.46693
3.5791
3.03299
3.21639
3.45017
3.36309
3.61907
2.77453
2.86797
2.7848
3.40732
3.1459
3.35831
2.65868
3.18037
2.64412
3.28197
3.5297
2.50557
3.40094
3.7155
3.27681
3.79316
3.04443
2.99379
2.90456
2.83846
3.13931
3.06119
3.43401
3.60613
2.47913
2.8341
2.8341
2.44633
3.12444
2.65415
3.62577
3.06431
2.65493
2.50173
3.76182
3.09378
3.29136
2.41657
3.4109
2.90048
2.52738
3.02992
2.98829
3.08011
2.5794
2.82248
3.08751
3.55083
3.55616
2.7886
3.17217
2.94819
2.93997
2.35559
3.60676
2.19246
3.43337
3.19709
3.18414
2.76491
3.21355
2.70506
2.63812
3.46698
2.71687
3.21532
2.56698
3.4074
2.88945
3.02488
3.26587
2.62279
2.76362
3.13451
3.00682
2.60699
3.03696
3.02803
3.28849
2.50557
3.51258
2.91844
3.0445
2.64704
3.05699
2.68324
3.26115
2.94715
2.74082
3.22141
2.87453
2.79854
3.31209
3.07302
2.83895
2.63923
3.19761
2.62006
2.88356
2.96075
3.22916
2.96273
2.7236
2.96125
2.94117
2.65164
2.44525
2.43455
2.73843
2.70169
2.24547
2.61033
2.62838
2.81188
2.94144
2.65075
2.87981
3.1145
2.74176
3.16537
2.78922
2.36567
2.38406
2.62716
2.72236
2.88977
3.04786
3.11996
1.93793
2.62592
2.35072
2.84177
2.61652
3.02989
2.97484
3.46748
3.12777
2.2752
2.66595
2.70266
2.92213
2.48014
2.77633
2.26265
2.77979
3.05969
2.53294
2.75395
2.32773
2.57234
2.23483
2.29388
2.90054
2.97648
2.42144
2.67396
2.91899
2.26508
3.0587
2.65307
2.9661
2.61624
2.8213
2.33938
2.30518
1.8708
3.11992
2.7899
2.87957
2.53365
2.35424
2.66852
2.30451
2.82063
2.72552
2.75978
3.09071
2.73185
2.98334
2.57212
2.33486
2.63964
2.85985
3.04126
3.14375
2.87233
2.28681
2.54865
2.84344
2.85115
2.30678
2.64183
2.82803
2.52493
3.13079
3.03184
2.39643
2.70898
2.74846
3.03444
2.98599
2.43548
2.53932
2.31295
2.63662
2.83355
2.81439
2.34167
2.81311
2.99398
3.02592
2.76916
3.06851
2.8432
2.86241
2.48997
2.91662
2.77873
2.79912
2.62558
2.2578
1.96927
2.99111
2.34442
2.05578
2.58855
2.30659
2.17229
2.5816
2.39384
2.11054
2.59104
2.48958
2.59476
2.34811
2.30484
2.16988
2.59729
2.61863
2.84917
2.35939
2.81655
3.00819
2.51147
3.01261
2.13701
2.47578
2.81463
2.10454
2.39959
2.47527
2.253
2.70906
2.83825
2.49289
2.99203
2.70366
2.01687
2.44357
2.43683
2.65419
2.62943
2.48962
2.05423
2.80946
2.59989
2.64863
2.07685
2.41608
2.47634
3.12191
2.25217
2.38656
2.32486
2.54667
1.9929
2.43883
2.47873
1.96853
2.69378
2.70515
2.47255
2.16725
1.906
2.55948
2.69306
2.1304
2.27042
2.54947
2.5752
2.12768
2.17727
1.88517
2.43546
2.45601
2.52878
2.08306
2.61087
2.61391
2.96294
2.34856
2.35257
1.99438
2.13491
2.84427
2.74694
2.31517
2.20742
2.48772
1.83418
2.27648
2.15269
2.4487
2.34767
2.36391
2.11399
2.15851
2.48033
2.29901
2.54627
2.11285
2.49595
2.20897
2.52369
2.30196
2.11395
1.89277
2.03366
2.2957
2.3406
2.84223
2.34619
2.36675
2.45826
2.48613
2.16291
2.06937
2.09386
2.07656
2.19529
2.63405
2.48132
2.45
2.2692
2.92489
2.26603
2.44036
2.54125
2.35836
2.07137
1.75148
2.23434
1.93349
2.49173
2.27397
2.84283
2.04538
2.75236
2.39746
2.55874
2.56935
2.08236
2.50013
2.02332
2.29239
2.48606
2.31635
2.91045
1.8431
2.52134
2.79542
2.80467
2.15286
2.52594
2.33108
2.61672
2.55867
1.8664
1.9076
2.13895
2.40893
1.72652
2.84179
1.98824
2.02117
2.09915
2.07544
2.66812
2.35324
1.93729
2.63768
2.58082
2.31269
2.10878
2.08227
2.15156
2.14902
2.50665
2.59145
2.07127
2.24242
1.9
2.2532
2.27759
1.73242
1.82809
2.26556
1.8481
2.4596
2.10551
2.33791
2.75447
2.4885
2.41464
2.24243
2.43178
2.31691
2.01148
2.08714
2.30116
2.24793
1.69939
2.48805
2.03615
2.09688
2.1649
1.66926
2.38854
2.56611
1.87468
2.04986
2.01001
2.08924
2.38217
2.4221
2.61599
2.07206
2.08401
2.20304
2.24867
2.09132
2.42333
2.30975
1.97555
1.84901
2.50192
2.12858
2.42825
1.77089
1.56118
2.22985
2.35612
2.24656
2.11903
1.84915
1.7954
1.84315
2.16194
2.19219
2.26058
2.35219
1.80662
1.69805
1.79153
2.04981
1.96066
1.98857
2.29133
1.82359
2.07882
2.34396
2.06876
2.1852
2.33216
2.03089
2.28732
1.87363
2.357
2.19159
2.22238
2.67433
1.84848
1.9457
2.31152
1.71385
2.10942
2.14541
2.08158
2.25919
1.87606
2.06411
2.40213
1.91687
2.05797
2.16121
1.89744
2.27712
1.66548
1.69561
1.9041
2.12506
1.91639
2.33577
2.30763
2.14337
2.20331
1.75941
2.03989
2.13609
2.19397
1.69611
2.16181
1.85762
1.64235
2.22229
1.80966
1.94537
1.34874
1.51293
1.57444
2.06355
2.44425
1.89552
2.03421
1.91412
2.39006
1.55563
2.24977
2.02988
2.28754
2.10932
1.99446
2.66328
2.10702
2.50941
1.97399
2.06204
2.08016
2.25105
1.94007
2.31319
2.28056
2.40226
2.7049
1.73087
1.98946
1.86089
1.86776
1.78463
1.783
1.73957
1.74938
1.65106
1.9923
2.00903
2.38664
2.08185
2.5478
1.99659
1.85487
2.32923
2.15207
1.8513
2.12188
2.09851
1.68793
1.90446
2.0611
2.39352
2.04221
1.74627
1.80828
2.02746
1.94776
1.51673
1.63155
1.54584
1.67365
1.97192
1.95832
2.00607
2.15172
1.74469
2.09635
2.04907
2.14979
1.81263
2.28394
2.30718
1.76213
1.90248
2.01094
2.28906
1.57796
1.95972
2.15148
1.93595
2.04123
1.79536
2.01808
1.78423
2.04994
1.76749
1.84447
1.84447
2.26817
2.33155
2.29266
2.53002
2.38196
2.07931
2.15947
2.24913
2.17002
2.16117
1.93393
2.45124
2.09406
2.20217
1.9092
2.09073
2.1575
2.71641
2.1811
1.94877
1.68148
2.22243
1.79059
1.83228
1.88358
1.80908
1.82981
2.59426
2.04204
1.83868
2.16891
1.83891
1.93054
2.16549
1.74986
1.92325
1.73383
2.30684
2.18373
2.17978
1.80981
2.41786
1.98929
1.85892
2.10974
2.08495
2.29083
2.20463
1.85
1.94629
2.03007
2.03035
2.02084
1.97606
1.96115
2.21406
1.85589
1.7282
1.75597
1.91279
2.05846
1.88364
2.1496
1.82009
1.59174
1.75501
1.87248
1.71638
1.72568
1.99623
2.06036
2.10937
2.1356
1.92092
2.22421
1.77956
1.66626
1.60906
1.85945
2.00482
1.79437
2.18237
2.24005
2.19428
2.12096
1.86521
2.37269
2.02269
1.82108
1.66251
1.60043
1.79973
1.66137
1.53438
1.58893
1.73495
2.09592
1.72911
1.65192
1.8474
1.8447
1.48151
1.79319
2.07635
1.99027
1.68863
1.64974
1.81035
2.1139
2.20856
2.35404
2.22482
2.11405
2.20303
2.43357
2.2707
2.16886
2.16827
2.4109
2.11024
1.71361
2.06988
2.22883
1.94003
1.80774
1.57713
1.7416
1.91472
1.88539
1.96745
1.42671
2.07761
1.72459
2.2326
2.24984
1.7905
1.94726
1.79209
1.29529
1.67857
1.60465
1.76849
1.713
1.79646
1.5824
1.74374
1.53991
1.44837
1.78518
1.50167
1.66375
1.66375
2.23379
2.44999
2.20829
2.19557
1.78328
1.82406
1.82101
1.62796
1.54384
2.19274
1.87478
1.69306
1.54725
1.36526
1.53265
1.7582
1.55406
1.35782
1.43152
1.57763
1.81848
1.43586
1.71029
2.04854
1.68754
1.93254
1.57722
1.70496
1.60186
1.54744
1.9382
2.05035
1.84085
2.00173
2.13236
1.85534
1.62941
1.84433
2.0879
2.16504
1.80931
1.46561
1.58526
1.91167
1.66412
1.64805
1.56016
1.52154
1.69478
1.89736
1.84772
1.85535
1.7811
2.03636
1.73407
1.74736
1.91319
1.9231
1.97568
2.07052
1.88718
1.62971
1.99131
1.86837
1.94189
1.39663
1.45326
2.0496
1.95574
1.94025
2.1134
1.95996
1.9457
1.88607
1.66461
1.89779
1.75397
1.53777
1.4766
1.79591
1.72349
1.52547
1.74553
1.64782
1.8861
1.79723
1.71068
2.0488
1.52235
1.57576
1.72311
1.6239
1.66269
1.93634
1.39382
1.58702
1.87691
1.78354
1.52477
1.89195
1.53001
1.5569
1.43492
2.30644
1.33004
1.73643
1.75303
1.59151
1.44395
1.47641
1.3836
1.66578
2.19831
1.67875
1.4565
2.0917
1.88293
2.07611
1.64953
2.03863
1.54602
1.53433
1.66028
1.89248
1.35816
1.52814
1.75333
1.78031
1.89801
1.65206
1.67558
1.26157
1.36969
1.29812
1.8937
1.61732
1.65605
1.70008
1.73344
1.52101
1.96994
1.80501
1.61373
1.26941
1.80773
1.54093
1.53885
1.47005
1.55151
1.48531
1.36089
1.59958
1.69355
1.54647
1.69082
1.58517
1.55335
1.82161
1.77843
1.54923
1.79536
1.76727
1.49377
1.63237
1.52889
1.61496
1.75798
1.61301
1.3738
1.39482
1.51845
1.3992
1.53147
1.56867
1.20719
1.44509
1.67138
1.46815
1.7348
1.75302
1.98715
1.7242
1.6419
1.60802
1.78753
1.6217
1.83901
1.77748
1.56287
1.81197
1.51894
1.42404
1.57526
1.73575
1.69297
1.77846
1.5182
1.69001
1.71651
1.85085
1.52149
1.55611
1.80397
1.65608
2.20058
2.08835
2.1521
2.00453
1.67022
1.64641
1.79718
2.03239
1.83181
1.46622
1.8051
1.75735
1.97655
1.63138
1.26184
1.74694
1.83494
1.8685
1.46158
1.81986
1.3836
1.31912
1.52771
1.78655
1.73781
1.52673
1.5506
1.47132
1.87722
2.09535
1.90427
1.96349
1.8449
1.55815
1.74376
2.01811
1.82614
1.76305
1.48178
1.66288
2.15745
1.91262
1.79348
1.68099
1.91186
1.75819
1.73434
1.74877
1.72351
1.87039
1.66901
1.58933
1.41671
1.45896
1.68336
1.51756
1.59625
1.35497
1.54854
1.63241
1.58678
1.633
1.53326
1.58676
1.49107
1.2888
1.49114
1.49098
1.61843
1.64967
1.54528
1.73287
1.88279
1.81953
1.60611
1.71553
1.84013
1.82201
1.49416
1.68055
1.5425
1.31604
1.7525
1.54106
1.84855
1.72464
1.48773
1.50153
1.80268
1.57448
1.62696
1.57848
1.57315
1.54812
1.27568
1.51753
1.58921
1.42997
1.65643
1.95419
2.00261
1.85645
1.25479
1.77019
1.64075
1.94089
1.71548
1.27172
1.82711
1.9033
1.47733
1.34464
1.63015
1.23777
1.37568
1.2875
1.70744
1.63512
1.67299
1.43456
1.41785
1.4636
1.74977
1.94935
1.78926
1.74597
1.70032
1.68951
1.34684
1.85408
1.80738
1.5925
1.46641
1.28576
1.45429
1.80049
1.65744
1.96848
1.71504
1.49167
1.32946
1.42381
1.34135
1.41847
1.47743
1.38844
1.67169
1.83111
1.74798
1.40255
1.60545
1.65646
1.49104
1.78926
1.70252
1.86181
1.59918
1.63308
1.48107
1.42857
1.46581
1.33391
1.3703
1.63086
2.24806
1.22978
1.39768
1.50573
1.97362
1.78522
1.73185
1.77642
1.5573
1.44283
1.20675
1.24653
1.25827
1.50554
1.54664
1.24208
1.71569
1.60132
1.3314
1.37032
1.26812
1.53697
1.35459
1.57354
1.28709
1.04042
1.40771
1.49262
1.28123
1.32994
1.72588
1.55872
1.38056
1.5208
1.45866
1.77521
1.57854
1.54366
1.63068
1.55137
1.40484
1.60394
1.50576
1.4112
1.41914
1.54891
1.25856
1.43544
1.48525
1.62569
1.47857
1.55059
1.60549
1.87018
1.94855
1.55076
1.67939
1.63066
1.30769
1.39803
1.51476
1.41802
1.51731
1.56255
1.26178
1.4806
1.09235
1.31534
1.46653
1.49843
1.42516
1.35311
1.16512
1.09171
1.38772
1.76771
1.45118
1.38791
1.33528
1.25571
1.34698
1.45114
1.15879
1.77116
1.76809
1.73102
1.64821
1.56863
1.33166
1.3227
1.1872
1.38068
1.34408
1.49485
1.65817
1.46391
1.33181
1.33104
1.35582
1.34517
1.35337
1.45486
1.15734
1.11225
1.74718
1.45318
1.3484
1.32196
1.21163
1.37932
1.38042
1.09235
1.20854
1.28342
1.35259
1.49643
1.24243
1.64652
1.38546
1.27827
1.45381
1.47044
1.30147
1.74788
1.64707
1.55858
1.62807
1.48973
1.54272
1.3399
1.51232
1.47957
1.60719
1.48087
1.29779
1.37642
1.52529
1.47577
1.50246
1.56877
1.86909
1.98451
1.69985
1.78995
1.66739
1.39098
1.19127
1.63487
1.16078
1.19113
1.79629
1.39384
1.5433
1.51556
1.56518
1.10591
1.26519
1.30859
1.19407
1.24057
1.22359
1.27792
1.28959
1.23437
1.33612
1.52397
1.45492
1.39704
1.33907
1.39241
1.32003
1.24737
1.42901
1.42364
1.12857
1.25555
1.43247
1.44198
1.24593
1.49908
1.46821
1.33572
1.57246
1.54304
1.47603
1.23296
1.30837
1.15632
1.29647
1.28405
1.52236
1.19603
1.58867
1.26007
1.34955
1.33833
1.31059
1.07074
1.06259
1.29247
1.28768
1.51337
1.5938
1.52369
1.49729
1.34638
1.35641
1.66513
1.48076
1.29402
1.48015
1.62689
1.35401
1.59879
1.18203
1.13634
1.20456
1.64159
1.74686
1.45013
1.55004
1.53299
1.83929
1.93844
1.6041
1.7587
1.72055
1.5582
1.42692
1.4657
1.74882
1.95525
1.61088
1.72976
1.7593
1.60945
1.61146
1.52626
1.57514
1.29857
1.48413
1.4814
1.43379
1.59725
1.58237
1.40316
1.37123
1.47672
1.50443
1.5537
1.48357
1.45677
1.59948
1.65517
1.57075
1.56397
1.52971
1.63822
1.42827
1.79154
1.72567
1.88094
1.77787
1.79025
1.71761
1.52864
1.64122
1.34873
1.5843
1.42366
1.53255
1.60292
1.49866
1.62094
1.59395
1.29681
1.46096
1.43572
1.58039
1.40147
1.54342
1.50337
1.43305
1.30536
1.50425
1.41868
1.48653
1.47327
1.4955
1.49733
1.34628
1.53836
1.50102
1.66071
1.71942
1.76776
1.5601
1.392
1.38034
1.93928
1.72921
1.72221
1.74842
1.78594
1.77328
1.39196
1.39792
1.4362
1.45747
1.65651
1.36053
1.47104
1.53283
1.50503
1.29959
1.4711
1.56859
1.62323
1.50514
1.5531
1.46498
1.62615
1.3126
1.47419
1.8365
1.62337
1.77753
1.45134
1.48351
1.60694
1.69537
1.71092
1.77783
1.50791
1.44369
1.51095
1.52552
1.5762
1.58069
1.33902
1.75751
1.69087
1.5415
1.57072
1.58664
1.66201
1.51992
1.72883
1.74537
1.71206
1.6195
1.52632
1.5092
1.59943
1.63959
1.49172
1.77976
1.44925
1.5028
1.52044
1.49257
1.64274
1.39517
1.599
1.39543
1.44309
1.85115
1.67597
1.76705
1.57728
1.85001
2.09938
1.90926
2.05212
1.8211
1.80975
1.49622
1.67768
1.5795
1.52045
1.64555
1.61256
1.45146
1.48779
1.5513
1.62179
1.36667
1.52934
1.38984
1.49006
1.6489
1.48565
1.57921
1.32849
1.33968
1.55661
1.63839
1.56784
1.68966
1.64888
1.64014
1.52611
1.85912
1.54981
1.57683
1.71089
1.67045
1.56176
1.61786
1.28035
1.33399
1.57402
1.5035
1.35286
1.37391
1.30991
1.39403
1.57721
1.57682
1.55828
1.48161
1.51513
1.471
1.54105
1.74975
1.40397
1.41061
1.56871
1.57845
1.51751
1.40626
1.62305
1.29579
1.40215
1.65767
1.64007
1.44846
1.37437
1.3571
1.31609
1.3086
1.43075
1.44222
1.29648
1.38987
1.26956
1.30835
1.42171
1.52842
1.26974
1.3674
1.331
1.0561
1.1943
1.32261
1.2305
1.04321
1.28658
1.21418
1.22671
1.09158
1.17116
1.30344
1.13786
1.58703
1.79236
1.50011
1.74695
1.15559
1.27573
1.46309
1.28059
1.13855
1.47776
1.31033
1.25852
1.0785
1.22313
1.50523
1.58345
1.47291
1.19607
1.421
1.26819
1.56736
1.31432
1.17213
1.6077
1.45209
1.2529
1.12469
1.08594
1.17315
1.14485
1.08776
1.08375
1.17568
1.23987
1.67236
1.58685
1.19893
1.15565
1.16498
1.21778
1.4138
1.17715
1.22872
1.23071
1.42415
1.4289
1.2125
1.19
1.23218
1.27989
1.42524
1.36187
1.39372
1.44046
1.37379
1.18433
1.11207
1.09681
1.2563
1.19568
1.43277
1.39159
1.17056
0.993431
1.0388
0.981433
1.61508
1.13404
1.32401
1.04947
1.1865
1.42167
1.04147
1.24809
1.32022
1.45294
1.23034
1.45811
1.47276
1.42361
1.31098
1.2987
1.30424
1.41048
1.18656
1.59565
1.43504
1.3726
1.3154
1.30707
1.39644
1.46069
1.74964
1.55535
1.26189
1.45543
1.4795
1.52944
1.34983
1.35946
1.49461
1.54442
1.5641
1.39239
1.57481
1.33919
1.44464
1.40825
1.30473
1.33361
1.52208
1.63246
1.75425
1.26347
1.30117
1.07454
1.31725
1.24971
1.2492
1.40002
1.18436
1.1662
1.23591
1.33688
1.22844
1.10951
1.03366
1.18753
1.25771
1.26614
1.24919
1.25103
1.23491
1.37497
1.44504
1.45192
1.21531
1.18075
1.39984
1.16104
1.25156
1.50418
1.55599
1.18618
1.06977
1.32971
1.17311
1.23092
1.26154
1.33275
1.11172
1.07316
1.16186
1.14312
1.22875
1.21181
1.15712
1.32999
1.32403
1.26999
1.28738
1.5959
1.25666
1.298
1.07189
1.16401
1.27669
1.20348
1.09587
1.05357
1.19502
1.16331
1.43584
1.437
1.12637
1.21338
1.4209
1.2765
1.22028
1.17593
1.36433
1.38022
1.36375
1.31673
1.29035
1.28603
1.34439
1.41827
1.42099
1.26274
1.22474
1.11715
1.33729
1.48795
1.07239
1.09288
1.19142
1.20715
1.14603
1.176
1.09893
1.05967
1.12902
1.19446
1.4329
1.0994
1.22339
1.3741
1.10865
1.24904
1.1071
1.08726
1.19386
1.24968
1.23334
1.14364
1.24608
1.24141
1.20348
1.11568
1.07766
1.11664
1.21295
1.2968
1.25337
1.24851
1.26638
1.26729
1.35238
1.12394
1.32175
1.30619
1.53864
1.24202
1.34414
1.24311
1.48268
1.3174
1.34381
1.195
1.40357
1.44893
1.37185
1.2297
1.36561
1.00549
1.33807
1.16554
1.11485
1.19157
1.24505
1.17924
1.27785
1.24651
1.16493
1.31107
1.19582
1.44267
1.29649
1.2006
1.08093
1.04893
1.19417
1.07511
1.18899
1.24298
1.07422
1.14507
1.23358
1.22331
1.22442
1.10069
1.0844
1.3954
1.28606
1.12835
1.14511
1.0692
1.60659
1.2422
1.19671
1.21497
1.26889
1.25744
1.22202
1.18503
1.17669
1.41705
1.22288
1.39755
1.37532
1.33896
1.43226
1.52444
1.30652
1.17276
1.2477
1.22555
1.26786
1.17462
1.30715
1.36946
0.976763
1.12831
1.46078
1.25771
1.2516
1.16853
1.18237
1.22041
1.05162
1.23829
1.35655
1.43425
1.40631
1.32419
1.26688
1.2606
1.35243
1.41532
1.24729
1.24532
1.39525
1.21852
1.19641
1.19194
1.14914
1.21844
1.21049
1.21184
1.25278
1.53794
1.23646
1.2523
1.36521
1.2188
1.19285
1.39682
1.24545
1.21928
1.18099
1.51274
1.2723
1.33343
1.2407
1.24226
1.34291
1.2013
1.23268
1.36845
1.29832
1.12813
1.0932
1.131
1.20292
1.34503
1.25295
1.22979
1.21681
1.15901
1.48994
1.28189
1.30304
1.41838
1.49478
1.63235
1.39055
1.2966
1.37006
1.45604
1.52659
1.49901
1.51618
1.34211
1.16968
1.21929
1.42362
1.35019
1.16573
1.33512
1.19315
1.34331
1.26681
1.29414
1.2374
1.22278
1.25312
1.22838
1.18869
1.29357
1.64085
1.53175
1.42489
1.46898
1.31586
1.50396
1.51111
1.61423
1.37011
1.33216
1.69254
1.72885
1.19012
1.19012
1.19985
1.17928
1.01301
1.22437
1.17507
1.24168
1.18252
1.25265
1.26726
1.09786
1.16936
1.10497
1.28823
1.20355
1.13624
1.33108
1.31288
1.38733
1.2971
1.17369
1.17369
1.32995
1.30363
1.15229
1.16781
1.31645
1.27423
1.33418
1.26247
1.36557
1.28073
1.22359
1.14155
1.29352
1.42243
1.14656
1.28449
1.20948
1.09756
1.07611
1.30157
1.25605
1.22969
1.23272
1.24273
1.3369
1.375
1.4159
1.28115
1.22445
1.15511
1.06661
1.32544
1.11395
1.05778
1.22207
1.2158
1.1455
1.16996
1.21533
1.13674
1.10002
1.15233
1.11471
1.00943
1.05786
1.18021
1.28035
1.20046
1.26411
1.17524
1.4472
1.43061
1.34014
1.38344
1.14273
1.0886
1.18758
1.25758
1.24477
1.22122
1.26362
1.32963
1.14495
1.54499
1.48112
1.1411
1.20934
1.2791
1.46269
1.40782
1.13556
1.08625
1.1929
1.27016
1.2473
1.29728
1.18876
1.14289
1.18836
1.2674
1.23577
1.11221
1.1364
1.17981
1.03345
1.1433
1.29718
1.20527
1.1826
1.12167
1.23811
1.29463
1.30339
1.30417
1.10466
1.16365
1.04715
1.04764
1.01158
1.07633
1.05852
1.12226
1.17597
1.06994
1.08028
1.20313
1.18899
1.15614
1.31072
1.30818
1.43788
1.14832
1.07571
1.08884
1.15217
1.17298
1.20827
1.14879
1.10542
1.22271
1.44158
1.40587
1.20387
1.19705
1.31414
1.2239
1.20559
1.10325
1.20389
1.19339
1.35124
1.24548
1.20544
1.35581
1.42864
1.30464
1.34516
1.33073
1.33633
1.26753
1.26219
1.28149
1.28359
1.16958
1.10085
1.06545
1.10588
1.18399
1.21167
1.19317
1.31708
1.00381
1.33877
1.21747
1.31093
1.33842
1.41771
1.43228
1.29692
1.45986
1.16294
1.14462
1.22185
1.24762
1.24777
1.13571
1.31569
1.1865
1.09603
1.21573
1.1975
1.22677
1.09939
1.09343
1.02734
1.04431
1.27883
1.16843
1.15711
1.05834
1.24882
1.04432
1.0603
1.06994
1.05521
1.0351
1.16663
1.07205
1.12513
1.09168
1.20821
1.16313
1.23733
1.06548
1.12555
1.07097
0.934317
1.07659
1.1955
1.15549
1.07342
1.07053
1.11778
1.04435
1.06976
1.02224
1.07928
1.20933
1.09434
1.23976
1.29312
1.15325
1.50419
1.25041
1.26956
1.22633
1.24744
1.22914
1.32672
1.17277
1.29972
1.31235
1.12986
1.1325
1.06147
1.16913
1.13613
1.1616
1.18028
1.18851
1.26606
1.19091
1.24515
1.11997
1.11997
1.20533
1.07176
1.07176
1.0929
1.22476
1.15352
1.18747
1.29573
1.13731
1.13947
1.26812
1.14485
1.33252
1.22606
1.21442
1.21606
1.20462
1.20462
1.17423
1.22526
1.29355
1.11395
1.22108
1.22576
1.1997
1.18862
1.1022
1.26795
1.27792
1.23613
1.38277
1.17014
1.23728
1.09
1.30238
1.11263
1.1294
1.12403
1.20121
1.19121
1.12996
1.12632
1.22821
1.25818
1.08119
1.14468
1.08568
1.24754
1.27457
1.20654
1.23593
1.16065
1.13824
1.21221
1.17751
1.10884
1.05378
1.26521
1.1976
1.12604
1.08988
1.10621
1.07661
1.03652
1.13819
1.11466
1.11533
1.12304
1.17972
1.06493
1.14443
1.09938
1.06654
1.11579
1.0651
1.28046
1.33935
1.21561
1.15608
1.11633
1.1549
1.10795
1.13497
1.07713
1.05339
1.05886
1.13765
1.17746
1.0695
1.06976
1.10513
1.16578
1.15772
1.03483
0.988554
1.02554
1.08992
1.05709
1.06549
1.02756
1.07447
1.10475
1.15267
1.00414
1.05757
1.11484
1.11582
1.11607
1.15726
1.15685
1.12498
1.1874
1.14368
1.06654
1.00218
1.10291
1.03827
1.11278
1.01756
0.977791
1.05451
1.19593
1.13072
1.15028
1.17565
1.21496
1.11707
1.08531
1.00622
1.08002
1.20899
1.02178
1.14564
1.21104
1.14562
1.07558
1.04225
1.12999
1.22374
1.17498
1.06597
1.04085
1.03228
1.06442
1.13549
1.10106
0.986247
1.05516
1.04448
1.06548
1.16833
1.12441
0.998442
1.01258
1.08136
0.99777
1.18028
1.02756
1.08544
1.25995
1.06133
1.04793
1.03673
1.11667
1.41081
1.15911
1.22872
1.25016
1.33286
1.35899
1.27695
1.32192
1.20701
1.28851
1.26405
1.26405
1.42013
1.40494
1.19858
1.11092
1.20325
1.1601
1.29473
1.16308
1.12837
1.21669
1.09149
1.26007
1.19456
1.09408
1.05907
1.1277
1.08283
1.01651
1.20281
1.23115
1.06826
1.05516
1.03436
1.18526
1.26691
1.22157
1.1074
1.09443
1.08239
1.17569
1.36557
1.12794
1.11119
1.22544
1.22132
1.22226
1.05548
1.32235
1.17605
1.10054
1.04399
1.05927
1.05258
1.03897
1.07797
1.12515
1.17724
1.14748
1.08745
1.11071
1.20372
1.12252
1.33684
1.17871
1.16048
1.21999
1.20533
1.27508
1.11126
1.16515
1.42537
1.29296
1.13272
1.04463
1.03406
1.07579
1.0264
1.0333
1.09012
0.990498
1.08253
1.04339
1.32679
1.32163
1.27223
1.16969
1.18288
1.11451
1.06543
1.1221
1.03775
1.07485
1.06193
1.25749
1.09642
1.01435
1.01248
1.10831
1.04692
1.1147
1.19026
1.09528
1.07289
1.09864
1.09596
1.03712
1.04323
0.988435
1.03275
0.972169
1.15684
1.00938
1.07077
1.11559
1.18476
1.1593
1.16736
1.15219
1.15038
1.21079
1.13618
1.15614
1.16779
1.19886
1.21371
1.09843
1.10459
1.23624
1.1503
1.04911
1.09883
1.1773
1.27748
1.2496
1.21017
1.17059
1.21962
1.24672
1.13308
1.11346
1.12799
1.13988
1.11153
1.14419
1.09022
1.05546
1.11761
1.10662
1.26661
1.20927
1.10425
1.04666
1.1006
1.17013
1.12001
1.18756
1.04354
1.02628
1.14751
1.1087
1.04108
1.10051
1.0732
1.06161
1.02621
1.07134
1.04075
1.10029
1.02555
1.04436
1.19707
1.1867
1.08565
1.14875
1.15097
1.11957
1.00413
1.14225
1.24624
1.23754
1.38839
1.21812
1.11617
1.0103
1.12614
1.02994
1.03382
1.04347
1.04275
1.15012
1.19674
1.12973
1.19707
1.12229
1.05554
1.03607
1.05987
1.09371
1.12544
1.07652
1.10347
1.0823
1.10962
1.18412
1.19085
1.13553
1.09299
1.09895
1.12759
1.09429
1.13029
1.20301
1.14546
1.1442
1.123
1.1287
1.08316
1.16628
1.09063
1.07779
1.18109
1.15975
1.12524
1.11348
1.27891
1.11577
1.09084
1.13462
1.0975
1.1672
1.24469
1.1935
1.16742
1.2633
1.16756
1.16171
1.32676
1.22034
1.18677
1.11849
1.04103
1.14583
1.10594
1.13023
1.12108
1.10171
1.05493
1.08831
1.04725
1.10355
1.05857
1.0593
1.08753
1.05975
1.14454
1.20518
1.0693
1.09431
1.09119
1.21869
1.16804
1.03895
1.04828
1.24298
1.11434
1.18964
1.02953
1.06121
1.03416
1.15171
1.26785
1.26128
1.16814
1.10382
1.07135
1.10708
1.00806
1.11698
0.999874
1.01817
1.03394
1.0138
1.01835
1.04945
1.06956
1.01034
1.05068
1.04
1.13627
1.22312
1.2097
1.1734
1.02182
1.0458
1.11743
1.02756
1.25282
1.12292
1.07464
1.09569
1.05921
1.02892
1.14837
1.01311
1.05873
1.18418
1.03221
1.07084
1.05413
1.18241
1.12994
1.05943
1.07277
1.23696
1.13601
1.21878
1.06263
1.07133
1.16333
1.15654
1.02973
1.02973
1.1178
1.26142
1.07747
1.05243
1.12823
1.09029
1.05133
1.08904
1.17678
1.05777
1.13079
1.19461
1.13992
1.25745
1.18725
1.10822
1.11577
1.13065
1.18237
1.20845
1.17533
1.10584
1.06678
1.13723
1.22593
1.18874
1.07718
1.11243
1.04419
1.19543
1.15136
1.12491
1.09304
1.14694
1.08434
1.10592
1.18565
1.19471
1.22034
1.10353
1.00047
1.06091
1.10077
1.08119
1.15139
1.16262
1.07026
1.15213
1.1294
1.07892
1.10208
1.14224
1.10631
1.08805
1.06341
1.13064
1.21911
1.19207
1.09998
1.21101
1.12819
1.16368
1.21364
1.12829
1.13699
1.08435
1.06753
1.11438
1.06762
1.13896
1.079
1.05206
1.07277
1.0718
1.07586
0.981104
1.12069
0.997983
1.09083
0.985063
1.05702
1.07679
1.14148
1.04516
1.1637
1.1611
1.05705
1.05751
1.07082
1.02478
1.10183
1.15362
1.17032
1.05566
1.05879
1.03889
1.0462
1.14173
1.14865
1.14941
1.12475
1.06973
1.05504
1.1766
1.08506
1.06104
1.17995
1.13867
1.20755
1.27083
1.17158
1.15729
1.03332
1.00147
0.986529
1.02166
1.02048
1.08118
1.05975
1.08848
1.05492
1.03367
1.03493
1.14234
1.1156
1.06428
1.07098
1.09084
1.05363
1.02484
1.06294
1.1239
1.16263
0.927944
1.04393
1.08484
1.10523
0.997651
1.04679
1.10682
1.04483
1.00218
1.03875
1.06153
1.05254
1.0271
1.05639
1.01164
1.05636
1.06748
0.924573
1.00286
1.16174
1.25559
1.0696
1.14597
1.13459
1.01641
1.01825
0.974137
1.03626
1.12696
1.0959
1.12948
1.1351
1.13894
1.07274
1.00727
0.989875
1.01682
1.14337
1.07528
1.02662
1.00267
1.04733
0.992717
1.02297
1.02613
1.06813
1.12506
1.10548
1.15573
1.1381
1.03421
1.06126
1.12014
1.11771
1.05621
1.12946
0.99917
1.02871
1.0405
1.06105
1.07173
1.04748
1.02944
1.02944
1.05634
1.02651
1.0808
1.04043
1.20407
1.00297
0.975892
0.927966
0.933247
0.99686
1.00225
1.02922
1.18731
0.971618
1.0875
1.01916
1.0168
1.05349
1.12587
1.18638
1.00704
0.961508
1.07348
1.07542
1.02319
1.04873
0.950801
1.11717
1.01953
1.01865
1.04241
1.06348
1.06348
0.978205
1.0258
1.03595
1.13023
1.06106
1.01319
1.01191
1.11244
1.05651
0.984894
1.00802
1.10546
1.00015
1.12597
1.08585
0.992709
0.991255
0.975267
0.935063
0.921952
1.05748
1.1827
0.99715
1.07067
1.02
1.01335
0.952837
0.960022
0.946676
0.957607
1.05545
1.13869
1.0109
1.05184
1.08814
1.11866
1.01591
1.22919
1.15001
1.05896
1.18228
0.996012
0.987302
1.00876
1.0506
1.08543
0.978019
1.08262
1.02577
1.17824
1.0027
1.0189
1.06127
0.936365
1.01294
1.02872
1.02
1.0587
1.0913
1.03765
1.03849
1.13828
1.10823
1.13358
1.12183
1.14775
1.07356
1.13022
1.0895
1.11331
1.00753
1.10595
1.05553
0.9934
1.0235
1.01201
1.08357
1.0497
1.11617
1.04939
1.06962
1.08651
1.02253
1.04952
1.25474
1.25465
1.25036
1.14298
1.12795
0.997563
1.0603
1.11511
1.00332
1.06
1.16053
1.11197
1.11197
1.11039
1.07868
1.1191
1.04471
1.0211
1.00499
1.02317
1.03377
1.0207
1.06157
1.01581
1.06596
0.989664
1.02526
1.02983
1.20219
1.02085
0.989306
0.994587
0.982096
0.994918
1.03659
1.0278
1.11098
1.07075
1.10535
1.0478
1.27737
1.11571
1.10798
1.00929
1.01158
1.0276
1.08629
0.985154
0.990501
1.04098
1.01006
1.03117
1.12019
1.01246
1.06414
0.983954
0.980292
1.1702
1.10005
1.11968
1.18489
1.04367
1.11246
0.968208
0.985034
1.00589
1.03009
0.950936
0.984731
0.914002
0.935274
1.03666
1.10011
1.04735
0.996953
1.03955
1.02099
0.997639
1.04035
1.01295
1.04017
1.00849
0.976676
1.08705
0.963703
0.977542
0.895192
0.945807
0.942727
0.939516
0.954381
0.960358
0.909794
0.93334
0.919317
0.940342
1.00674
0.897254
0.918646
0.965831
0.900561
0.900561
0.924087
0.8944
1.00157
1.07586
1.01704
0.949586
1.0441
1.01434
1.01411
1.02395
1.04034
1.05516
0.99505
1.12696
1.02936
1.03142
1.03951
1.02741
1.00034
1.02251
0.99745
1.01295
0.963571
1.00695
1.07816
0.990471
1.0171
1.01206
1.03655
0.989303
0.993742
1.00502
1.03166
1.0366
1.12924
1.1116
0.917609
0.923296
0.928913
1.03991
1.06996
1.07777
1.02079
0.999057
1.08641
1.04568
1.06684
0.986892
1.04638
1.05792
1.03815
0.987406
1.03139
1.01753
1.05051
1.09786
1.13094
1.17647
1.00288
1.0987
1.00573
1.03268
1.02614
1.00027
1.05342
1.07943
1.01305
1.00993
1.02795
1.0791
1.08322
1.1705
1.00384
1.01503
1.05855
1.02271
0.994378
0.995046
1.01888
1.04148
1.15212
1.08473
1.00829
1.01582
1.02163
1.11189
1.07557
1.06007
0.999034
0.990471
1.09479
1.15449
1.20627
1.23886
1.14753
1.17582
1.12949
1.07892
1.01195
1.00321
1.20489
1.11673
1.18743
1.03577
1.0482
1.02774
1.13683
1.07765
1.06498
1.12658
1.04979
0.998805
1.02373
1.03071
0.970988
0.965619
0.986491
0.967681
0.970988
1.09667
0.997649
1.07469
1.0228
1.07791
1.10463
1.02957
0.974123
0.991942
1.03751
1.03532
1.11877
1.25028
1.16093
1.12097
1.03975
1.06086
1.08752
1.03733
1.06198
1.04146
1.05198
1.1272
1.02506
1.01892
1.00175
1.02769
1.01708
1.10516
1.08716
1.05757
1.05442
1.08999
1.09405
1.0593
1.00796
1.05226
1.00221
0.979995
0.997999
1.01195
1.01195
1.11832
1.00418
1.00758
1.03205
0.979995
1.11566
1.07094
1.04707
1.0465
1.12288
1.00006
1.03281
1.08835
1.1646
1.04939
1.03559
1.02303
1.00385
1.03984
1.01479
1.11587
1.11678
1.01871
0.990569
1.0798
1.14932
1.07894
1.07894
1.20567
1.03317
1.05354
1.05673
1.0366
0.990869
1.04695
1.00853
1.03168
0.966371
0.943697
0.958354
0.969946
0.93733
1.0027
1.08578
1.00915
1.09579
1.00894
1.00293
1.00087
0.993426
0.935763
1.03577
1.04773
0.949754
1.00079
1.05908
0.992131
1.01793
0.995503
1.0373
0.999068
1.05912
1.03641
1.10347
1.06238
1.08671
1.05509
1.06207
1.07738
1.0691
1.01826
1.02368
1.03017
1.04506
1.04403
1.06166
1.09253
1.09445
1.05721
1.09029
1.06285
1.06285
1.06
1.05289
1.01345
1.03113
1.0268
1.10162
1.16606
1.16609
1.09556
1.02646
1.12248
1.03641
1.04011
1.0263
1.03943
0.997759
1.12715
1.1205
1.03844
1.00918
1.11721
1.02473
1.06973
1.05171
1.11817
0.992801
1.06536
1.01868
1.02792
1.01372
0.984725
0.988289
1.04827
0.971618
1.06155
1.03822
1.03269
1.14456
1.04411
1.20426
1.07615
1.03173
1.01145
1.07402
1.01528
1.03634
1.05871
1.03037
1.0205
0.895192
0.95036
0.948263
0.952449
0.983253
1.00296
1.03763
1.06168
1.02965
1.03591
1.00734
1.0143
0.962838
1.05018
1.03463
0.997505
1.0547
0.985021
0.973977
1.04033
1.04822
1.02676
1.01779
1.00319
1.00946
1.13181
0.978091
1.01503
1.07164
1.06051
1.05675
1.00754
1.05393
1.02421
1.02128
0.979683
1.06511
1.06876
0.991679
0.994002
1.00051
0.989456
0.978091
0.970741
0.989521
1.00042
1.01039
1.0538
1.00951
0.992069
1.00316
0.980327
1.18874
1.14816
1.14885
1.17586
1.20056
0.949925
0.937689
1.05988
0.944644
0.972152
1.00376
0.991975
1.08313
1.01044
1.05157
1.08684
1.04692
1.04464
0.998562
0.99515
0.987847
0.934317
1.00106
0.979669
0.952734
0.937002
0.97288
0.953073
1.04754
0.937689
0.93638
0.966552
1.01541
1.02993
1.084
1.05559
1.03447
1.04914
1.05547
1.07933
1.11894
1.0775
1.06936
1.02899
1.04924
1.03163
1.10647
1.02891
1.03305
1.05962
1.00724
1.10958
1.0407
1.17415
1.04632
0.976866
0.929834
0.902814
0.974378
0.992718
0.992718
0.973315
0.973315
0.974189
0.960528
0.937689
0.95317
0.94087
0.93638
1.07462
0.961434
0.95766
0.978404
0.944644
0.96306
0.963888
1.08125
1.01724
0.978936
1.00389
1.0042
0.945266
0.975565
0.955758
0.99295
0.934317
0.937002
0.998431
0.977717
1.03109
0.937689
0.967352
1.03349
1.06764
0.989829
0.990104
0.937002
1.09202
1.03247
0.938807
0.983638
0.970139
0.98745
0.93638
0.937002
0.93638
0.955483
0.953073
1.01258
1.04299
1.0021
0.959972
0.968805
0.955758
0.987045
0.949925
0.94087
0.952111
0.986828
0.942581
0.962802
0.993593
0.947071
0.938807
0.969237
0.937002
1.00773
0.980013
0.934317
0.986108
1.0527
1.01568
1.01964
0.939752
0.947862
0.942179
0.963747
0.976251
0.941661
1.02452
1.01616
0.97978
1.05099
1.04569
1.08503
1.05615
1.02276
1.07324
1.04338
1.04323
1.03742
1.05578
1.02197
1.04107
1.03765
1.06557
1.02456
1.04708
1.09567
0.980897
0.948016
0.978091
0.968378
0.998257
0.979081
0.958168
0.97044
1.00455
0.957563
1.04154
1.07326
1.07445
1.05473
1.06682
1.04948
1.04048
1.08263
1.06111
1.02645
1.06371
1.06063
1.04931
1.06895
1.0565
1.07675
1.049
0.977433
0.972152
0.965827
0.974696
1.04219
1.00093
1.06184
1.08832
1.06655
1.05981
1.0391
0.990589
1.0488
1.14463
1.00713
1.00051
1.07651
1.0802
1.03871
1.06606
1.01544
1.05106
1.02146
1.02075
0.98928
1.02524
1.08452
0.971252
0.983308
1.03693
1.02186
1.00862
1.03987
0.992462
0.983821
1.00009
1.0167
1.02336
1.04232
0.998367
0.998276
1.00552
0.998367
1.00532
1.01748
1.0003
0.998884
1.03737
1.05029
1.00617
1.03032
1.03129
1.08792
1.08335
1.02513
1.00186
0.94256
0.940498
0.906186
0.922458
0.958
0.9469
0.902814
0.941818
1.05468
1.02589
1.00069
1.02509
0.927131
0.906977
0.902814
0.929931
0.946383
0.906186
0.905668
0.924997
0.926087
0.961749
0.953859
0.921667
0.902814
0.936404
0.924816
1.0043
0.935265
1.00541
0.921625
0.939238
0.937126
0.913141
0.929931
0.922715
0.989857
0.938119
0.945439
0.904877
0.974319
0.937527
0.92157
0.904877
0.908248
0.904877
0.944904
0.905668
0.913141
0.968686
1.00952
1.07744
1.15428
1.09602
0.96201
0.935757
0.985063
1.01609
0.992841
1.05283
0.982094
0.995753
0.974286
1.0177
0.998726
0.999703
1.03592
0.954
0.938703
0.924479
0.906977
0.906186
0.973792
0.935143
0.928917
0.93098
0.939314
0.905668
0.904877
0.904877
0.951238
0.935757
0.921444
0.938836
0.903605
0.922416
0.935757
0.904877
0.940012
0.904877
0.92634
0.922361
0.955911
1.05034
0.921667
0.994728
1.01916
1.01396
1.02678
1.00341
1.01834
1.00131
1.02365
0.993308
1.02698
1.02818
1.0168
0.992011
1.08807
1.06072
1.13873
1.00951
1.00088
1.01884
1.04416
1.09012
1.0369
1.04722
1.01702
0.947673
0.920653
0.905668
0.962795
0.936404
0.936404
0.937327
0.905668
0.983397
1.02678
1.04211
0.983308
1.01038
1.00265
1.00219
1.01887
1.05726
0.970541
0.940498
0.905668
0.904877
1.03881
1.03628
1.09264
1.07219
1.06478
1.08774
1.13579
1.04686
1.09245
1.06691
1.05698
1.09913
1.06879
1.08989
1.0084
1.02195
1.00118
1.03619
1.05353
1.01268
1.04457
1.06975
1.01484
0.902814
0.982405
0.964997
1.0201
0.913141
0.991153
0.977657
0.976686
0.976686
0.970474
0.974027
0.906186
0.905668
0.924816
0.920653
0.922361
0.903605
0.924997
0.964243
0.948762
0.933261
0.92157
0.936384
0.924997
0.911078
0.929889
0.953262
1.05312
0.913932
0.953859
0.908248
0.902814
1.01317
0.911078
0.921625
0.94144
1.08041
1.03035
1.05216
1.02905
1.04592
1.00006
0.966615
1.00914
0.966615
0.990722
1.01239
1.03238
1.01565
0.992718
1.03608
1.06116
0.990497
1.03656
1.03625
1.0793
0.940012
0.906186
0.943477
0.941822
0.91445
0.963675
0.928917
0.940381
0.973721
0.93068
0.924997
0.92157
0.989314
0.94256
0.937126
