           1     9.61724     9.61724           0
           2     9.61664     9.61694 0.000211764
           3     9.56828     9.60072   0.0132462
           4     9.59652     9.59967  0.00997622
           5     9.69386     9.61851   0.0186441
           6     9.56157     9.60902   0.0177891
           7     9.58718      9.6059   0.0155188
           8      9.7037     9.61812   0.0177524
           9     9.54327     9.60981   0.0176206
          10     9.70838     9.61967   0.0184105
          11     9.57995     9.61606   0.0170871
          12     9.54506     9.61014   0.0166559
          13     9.61286     9.61035   0.0153759
          14     9.68153     9.61543    0.015095
          15     9.58169     9.61318   0.0142552
          16     9.60034     9.61238   0.0133869
          17     9.63853     9.61392   0.0126875
          18     9.62452     9.61451   0.0119963
          19     9.58607     9.61301   0.0114579
          20     9.57457     9.61109    0.011045
          21     9.59995     9.61056   0.0105318
          22     9.62142     9.61105   0.0100646
          23     9.60068      9.6106  0.00963711
          24     9.58187      9.6094  0.00930964
          25     9.57867     9.60817  0.00901808
          26     9.67459     9.61073  0.00902573
          27     9.65792     9.61248  0.00885905
          28     9.61038      9.6124  0.00854297
          29      9.6459     9.61356  0.00832609
          30     9.59827     9.61305  0.00806414
          31      9.5955     9.61248  0.00782384
          32     9.60124     9.61213  0.00758723
          33     9.56619     9.61074  0.00748394
          34     9.65059     9.61191  0.00735505
          35     9.54331     9.60995  0.00740143
          36      9.6266     9.61041  0.00721026
          37      9.5766      9.6095  0.00707307
          38     9.66393     9.61093  0.00703047
          39     9.61537     9.61104  0.00685113
          40     9.62198     9.61132  0.00668531
          41     9.60929     9.61127  0.00652243
          42     9.60904     9.61122  0.00636735
          43     9.59166     9.61076   0.0062355
          44     9.64401     9.61152   0.0061394
          45     9.61262     9.61154  0.00600302
          46     9.57238     9.61069  0.00593258
          47     9.55251     9.60945   0.0059341
          48     9.69273     9.61119   0.0060588
          49     9.58241      9.6106  0.00596355
          50     9.62593     9.61091  0.00585216
          51     9.55484     9.60981  0.00583975
          52     9.63939     9.61038  0.00575509
          53     9.59936     9.61017  0.00565025
          54     9.60337     9.61004  0.00554702
          55     9.56344     9.60919  0.00551051
          56     9.65181     9.60996  0.00546441
          57     9.60601     9.60989  0.00536898
          58     9.60716     9.60984  0.00527662
          59     9.58737     9.60946  0.00520091
          60     9.66152     9.61033  0.00518609
          61     9.59918     9.61014  0.00510429
          62     9.57321     9.60955  0.00505661
          63     9.58253     9.60912   0.0049945
          64     9.66325     9.60996  0.00498756
          65     9.58211     9.60954   0.0049292
          66     9.61142     9.60956   0.0048546
          67     9.51527     9.60816  0.00498199
          68     9.72117     9.60982  0.00517852
          69     9.61123     9.60984  0.00510351
          70     9.63207     9.61016  0.00504048
          71     9.52779       9.609  0.00510124
          72     9.70689     9.61036  0.00520842
          73     9.58013     9.60994   0.0051535
          74     9.60811     9.60992  0.00508391
          75     9.58202     9.60955  0.00502972
          76     9.57569      9.6091  0.00498323
          77     9.64291     9.60954  0.00493782
          78     9.63091     9.60981  0.00488211
          79     9.62926     9.61006  0.00482651
          80     9.61939     9.61018  0.00476759
          81     9.65446     9.61072  0.00473997
          82     9.53412     9.60979  0.00477334
          83     9.58314     9.60947  0.00472661
          84     9.68595     9.61038  0.00475723
          85     9.53415     9.60948  0.00478505
          86     9.57363     9.60906  0.00474753
          87      9.6468      9.6095  0.00471274
          88     9.55673      9.6089  0.00469718
          89     9.59901     9.60879  0.00464572
          90     9.61688     9.60888  0.00459497
          91     9.59324     9.60871  0.00454769
          92     9.58819     9.60848  0.00450372
          93     9.69143     9.60937  0.00454276
          94     9.63645     9.60966  0.00450356
          95     9.57513      9.6093   0.0044708
          96      9.5783     9.60898  0.00443587
          97      9.6754     9.60966  0.00444268
          98     9.57527     9.60931  0.00441119
          99     9.62173     9.60944  0.00436842
         100     9.59082     9.60925   0.0043287
