           1    -7.17318    -7.17318           0
           2    -7.17349    -7.17334 0.000108902
           3    -7.17273    -7.17313 0.000180909
           4    -7.17329    -7.17317 0.000139766
           5    -7.17255    -7.17305 0.000157488
           6    -7.17284    -7.17301 0.000135104
           7    -7.17285    -7.17299 0.000117793
           8    -7.17198    -7.17286 0.000156342
           9    -7.17444    -7.17304 0.000215653
          10    -7.17294    -7.17303 0.000194334
          11    -7.17357    -7.17308 0.000182753
          12    -7.17347    -7.17311 0.000170386
          13    -7.17364    -7.17315 0.000162156
          14    -7.17378     -7.1732 0.000156607
          15    -7.17396    -7.17325 0.000154226
          16    -7.17403     -7.1733 0.000152178
          17    -7.17422    -7.17335 0.000152641
          18    -7.17228    -7.17329 0.000155385
          19    -7.17306    -7.17328 0.000147684
          20    -7.17345    -7.17329 0.000140544
          21    -7.17295    -7.17327 0.000134757
          22    -7.17417    -7.17331 0.000134637
          23    -7.17349    -7.17332 0.000128998
          24    -7.17528     -7.1734 0.000147215
          25    -7.17255    -7.17337 0.000145157
          26    -7.17356    -7.17337 0.000139764
          27    -7.17323    -7.17337 0.000134684
          28    -7.17419     -7.1734 0.000133051
          29    -7.17332     -7.1734 0.000128488
          30    -7.17441    -7.17343 0.000128616
          31    -7.17389    -7.17344  0.00012531
          32    -7.17346    -7.17344 0.000121395
          33    -7.17351    -7.17345 0.000117731
          34    -7.17401    -7.17346  0.00011541
          35    -7.17387    -7.17347 0.000112705
          36    -7.17365    -7.17348 0.000109674
          37    -7.17386    -7.17349 0.000107185
          38    -7.17363    -7.17349 0.000104431
          39    -7.17261    -7.17347 0.000104168
          40    -7.17345    -7.17347 0.000101565
          41    -7.17305    -7.17346 9.96007e-05
          42    -7.17316    -7.17345 9.74786e-05
          43    -7.17354    -7.17345 9.52305e-05
          44    -7.17284    -7.17344 9.40997e-05
          45    -7.17288    -7.17343 9.28392e-05
          46    -7.17285    -7.17342 9.16618e-05
          47    -7.17352    -7.17342 8.97391e-05
          48    -7.17251     -7.1734 8.98543e-05
          49    -7.17323     -7.1734 8.80879e-05
          50    -7.17189    -7.17337 9.13406e-05
          51    -7.17476    -7.17339 9.35426e-05
          52    -7.17439    -7.17341 9.36746e-05
          53    -7.17358    -7.17342 9.19616e-05
          54    -7.17447    -7.17343 9.23284e-05
          55    -7.17324    -7.17343 9.07163e-05
          56    -7.17267    -7.17342 9.01201e-05
          57    -7.17327    -7.17341 8.85753e-05
          58    -7.17306    -7.17341  8.7257e-05
          59    -7.17453    -7.17343 8.78315e-05
          60    -7.17309    -7.17342 8.65453e-05
          61    -7.17388    -7.17343 8.54546e-05
          62    -7.17345    -7.17343 8.40772e-05
          63    -7.17497    -7.17345 8.62112e-05
          64     -7.1742    -7.17347 8.56448e-05
          65    -7.17409    -7.17348 8.48705e-05
          66    -7.17378    -7.17348 8.37075e-05
          67    -7.17382    -7.17349 8.26094e-05
          68    -7.17316    -7.17348 8.15342e-05
          69    -7.17265    -7.17347 8.12301e-05
          70      -7.173    -7.17346  8.0342e-05
          71    -7.17394    -7.17347 7.94919e-05
          72    -7.17363    -7.17347 7.84183e-05
          73    -7.17312    -7.17347 7.74877e-05
          74    -7.17243    -7.17345 7.77036e-05
          75    -7.17275    -7.17344 7.72354e-05
          76    -7.17424    -7.17345 7.69334e-05
          77    -7.17293    -7.17345  7.6239e-05
          78    -7.17299    -7.17344  7.5484e-05
          79    -7.17343    -7.17344 7.45287e-05
          80    -7.17289    -7.17343 7.39114e-05
          81     -7.1718    -7.17341 7.57036e-05
          82    -7.17397    -7.17342 7.50882e-05
          83    -7.17292    -7.17341 7.44223e-05
          84    -7.17224     -7.1734 7.48332e-05
          85    -7.17318     -7.1734 7.39987e-05
          86    -7.17213    -7.17338 7.46021e-05
          87    -7.17305    -7.17338 7.38448e-05
          88    -7.17523     -7.1734 7.59279e-05
          89    -7.17267    -7.17339 7.55183e-05
          90     -7.1738     -7.1734 7.48158e-05
          91    -7.17426    -7.17341 7.45913e-05
          92    -7.17363    -7.17341 7.38217e-05
          93    -7.17321    -7.17341 7.30579e-05
          94    -7.17333    -7.17341 7.22856e-05
          95    -7.17269     -7.1734 7.19192e-05
          96     -7.1738     -7.1734 7.12922e-05
          97    -7.17311     -7.1734 7.06214e-05
          98    -7.17367     -7.1734 6.99555e-05
          99    -7.17377    -7.17341 6.93487e-05
         100    -7.17476    -7.17342 6.99728e-05
