           1     1.20615     1.20615           0
           2     1.20728     1.20671 0.000400887
           3     1.20929     1.20757 0.000751009
           4      1.2127     1.20886  0.00124401
           5     1.19386     1.20586  0.00286071
           6     1.21249     1.20696  0.00258876
           7     1.21406     1.20798  0.00240949
           8     1.19558     1.20643   0.0025587
           9     1.22166     1.20812  0.00277816
          10     1.18813     1.20612  0.00313804
          11     1.21171     1.20663  0.00289362
          12     1.21718     1.20751  0.00278281
          13     1.20786     1.20753  0.00256888
          14     1.19674     1.20676  0.00249846
          15     1.21295     1.20718  0.00236565
          16     1.21405      1.2076   0.0022565
          17     1.20579      1.2075  0.00212629
          18     1.20623     1.20743  0.00200933
          19     1.21101     1.20762  0.00191241
          20     1.21528       1.208  0.00185478
          21     1.21279     1.20823  0.00178044
          22     1.20589     1.20812  0.00170268
          23     1.21122     1.20826  0.00163398
          24      1.2126     1.20844  0.00157591
          25     1.21229     1.20859  0.00152041
          26     1.19216     1.20796  0.00158789
          27     1.19679     1.20755  0.00158203
          28     1.20766     1.20755  0.00152554
          29     1.20019      1.2073   0.0014939
          30     1.21225     1.20746  0.00145321
          31     1.20861      1.2075  0.00140681
          32     1.20289     1.20735  0.00137019
          33      1.2137     1.20755  0.00134207
          34     1.19421     1.20715  0.00135873
          35     1.21581      1.2074  0.00134225
          36     1.20311     1.20728  0.00131024
          37     1.20798      1.2073  0.00127497
          38     1.19607     1.20701  0.00127519
          39     1.20454     1.20694  0.00124406
          40     1.20652     1.20693  0.00121301
          41     1.20992     1.20701  0.00118561
          42     1.20841     1.20704  0.00115785
          43     1.21278     1.20717   0.0011386
          44     1.20304     1.20708  0.00111658
          45     1.20739     1.20709  0.00109179
          46     1.21586     1.20728  0.00108459
          47     1.21769      1.2075  0.00108393
          48     1.19423     1.20722  0.00109603
          49     1.21378     1.20736   0.0010818
          50     1.20546     1.20732  0.00106083
          51     1.21653      1.2075  0.00105529
          52     1.20067     1.20737  0.00104313
          53      1.2111     1.20744  0.00102582
          54     1.20763     1.20744  0.00100683
          55     1.21643      1.2076  0.00100171
          56     1.19677     1.20741  0.00100233
          57     1.20593     1.20738 0.000985087
          58      1.2044     1.20733 0.000969442
          59     1.21358     1.20744 0.000958783
          60     1.19866     1.20729   0.0009539
          61     1.20825     1.20731 0.000938391
          62     1.21426     1.20742 0.000929928
          63     1.20491     1.20738 0.000916019
          64     1.19348     1.20716 0.000927101
          65     1.21041     1.20721 0.000914184
          66      1.2067     1.20721 0.000900365
          67     1.22358     1.20745 0.000919509
          68     1.19171     1.20722 0.000934653
          69     1.21112     1.20728 0.000922816
          70     1.20197      1.2072 0.000912741
          71     1.22418     1.20744 0.000930696
          72     1.19299     1.20724 0.000939164
          73     1.21206      1.2073  0.00092862
          74     1.20518     1.20728 0.000916515
          75     1.21222     1.20734 0.000906665
          76     1.21112     1.20739 0.000896095
          77     1.19883     1.20728 0.000891332
          78     1.20345     1.20723 0.000881254
          79     1.20751     1.20723 0.000870106
          80     1.20571     1.20722 0.000859437
          81     1.19739     1.20709 0.000857347
          82     1.21987     1.20725 0.000860928
          83     1.20987     1.20728 0.000851133
          84     1.19315     1.20711 0.000857465
          85     1.21929     1.20726 0.000859265
          86     1.21243     1.20732 0.000851375
          87     1.20173     1.20725 0.000844009
          88     1.21621     1.20735 0.000840533
          89     1.20838     1.20737 0.000831168
          90     1.20384     1.20733 0.000822854
          91     1.20979     1.20735 0.000814257
          92     1.21068     1.20739 0.000806208
          93     1.19285     1.20723 0.000812563
          94     1.20199     1.20718 0.000805833
          95     1.21385     1.20725 0.000800408
          96     1.21308     1.20731 0.000794375
          97       1.193     1.20716 0.000799758
          98     1.21705     1.20726 0.000797942
          99     1.20784     1.20727 0.000789903
         100      1.2127     1.20732 0.000783871
