           0           0           0
   0.0230664           0           0
   0.0461329           0           0
   0.0691993           0           0
   0.0922657           0           0
    0.115332           0           0
    0.138399           0           0
    0.161465           0           0
    0.184531           0           0
    0.207598           0           0
    0.230664           0           0
    0.253731           0           0
    0.276797           0           0
    0.299864           0           0
     0.32293           0           0
    0.345996           0           0
    0.369063           0           0
    0.392129           0           0
    0.415196           0           0
    0.438262           0           0
    0.461329           0           0
    0.484395           0           0
    0.507461           0           0
    0.530528           0           0
    0.553594           0           0
    0.576661           0           0
    0.599727           0           0
    0.622794           0           0
     0.64586           0           0
    0.668926           0           0
    0.691993           0           0
    0.715059           0           0
    0.738126           0           0
    0.761192           0           0
    0.784259           0           0
    0.807325           0           0
    0.830391           0           0
    0.853458           0           0
    0.876524           0 1.10733e-05
    0.899591  0.00517699 8.03811e-05
    0.922657   0.0502432 0.000302591
    0.945724    0.331916  0.00106467
     0.96879     1.04837  0.00211682
    0.991856     2.27961  0.00243272
     1.01492     3.62548  0.00249908
     1.03799     4.59019  0.00216519
     1.06106     4.86246  0.00346339
     1.08412     4.38882  0.00376029
     1.10719     3.61847  0.00303792
     1.13026     2.66091  0.00203567
     1.15332     1.83685  0.00119311
     1.17639     1.14159  0.00110681
     1.19945    0.667117  0.00131011
     1.22252    0.378468  0.00109217
     1.24559    0.192313 0.000851656
     1.26865     0.10649 0.000604796
     1.29172   0.0585065 0.000433091
     1.31479   0.0505135 0.000398626
     1.33785   0.0670779 0.000451664
     1.36092    0.117505 0.000540776
     1.38399    0.198348 0.000578959
     1.40705    0.311981 0.000638209
     1.43012    0.465804 0.000606078
     1.45319    0.637741 0.000602232
     1.47625    0.789718 0.000830246
     1.49932    0.900918  0.00106218
     1.52238    0.941117  0.00132833
     1.54545    0.901461   0.0011998
     1.56852     0.78856 0.000982123
     1.59158    0.620834 0.000654155
     1.61465    0.464875 0.000585351
     1.63772    0.327501 0.000594727
     1.66078    0.238346 0.000801177
     1.68385    0.217841 0.000929355
     1.70692    0.280809  0.00107214
     1.72998    0.472232  0.00137273
     1.75305    0.783996  0.00146509
     1.77612     1.22384   0.0011361
     1.79918     1.71107 0.000920491
     1.82225     2.20868  0.00137702
     1.84531     2.55582   0.0020995
     1.86838     2.65297  0.00263851
     1.89145     2.51466  0.00254818
     1.91451     2.14032  0.00183219
     1.93758     1.67731 0.000992715
     1.96065     1.21782 0.000884962
     1.98371    0.836811  0.00127212
     2.00678    0.580463   0.0015406
     2.02985    0.466056  0.00134218
     2.05291    0.488691  0.00113226
     2.07598    0.603073 0.000882482
     2.09905    0.757373 0.000475211
     2.12211     0.90607 0.000622142
     2.14518     0.98742 0.000970206
     2.16824     1.00367   0.0010499
     2.19131    0.899829 0.000814234
     2.21438    0.783292 0.000585819
     2.23744    0.669243 0.000656498
     2.26051    0.598715  0.00104159
     2.28358    0.605905  0.00132038
