           1     -7.5385     -7.5385           0
           2    -7.56544    -7.55197   0.0095234
           3    -7.53954    -7.54783  0.00719356
           4    -7.55808    -7.55039  0.00583385
           5    -7.54056    -7.54842  0.00498759
           6    -7.57442    -7.55276   0.0057377
           7     -7.5525    -7.55272  0.00491814
           8    -7.54171    -7.55134  0.00449194
           9    -7.55727      -7.552  0.00404075
          10    -7.52802     -7.5496  0.00428973
          11    -7.54475    -7.54916  0.00392236
          12    -7.55102    -7.54932  0.00359854
          13    -7.55505    -7.54976  0.00334861
          14    -7.55139    -7.54987  0.00311145
          15    -7.53882    -7.54914  0.00298998
          16    -7.54846     -7.5491   0.0028034
          17    -7.55016    -7.54916  0.00263919
          18    -7.56212    -7.54988  0.00258894
          19    -7.55553    -7.55018  0.00246974
          20     -7.5531    -7.55032  0.00235059
          21    -7.56926    -7.55122  0.00240549
          22    -7.55575    -7.55143  0.00230491
          23    -7.53305    -7.55063  0.00233913
          24    -7.55067    -7.55063  0.00224167
          25    -7.54123    -7.55026   0.0021833
          26    -7.56121    -7.55068  0.00213958
          27    -7.52802    -7.54984  0.00221874
          28     -7.5691    -7.55053  0.00224357
          29    -7.54459    -7.55032  0.00217553
          30    -7.56884    -7.55094  0.00218887
          31    -7.55533    -7.55108  0.00212284
          32    -7.55062    -7.55107  0.00205655
          33    -7.54233     -7.5508  0.00201119
          34    -7.53821    -7.55043  0.00198585
          35    -7.55278     -7.5505  0.00193024
          36    -7.53732    -7.55013  0.00191103
          37    -7.56158    -7.55044  0.00188424
          38    -7.53517    -7.55004    0.001877
          39    -7.54612    -7.54994  0.00183156
          40    -7.55128    -7.54997  0.00178607
          41    -7.52218    -7.54929  0.00186668
          42     -7.5586    -7.54952  0.00183535
          43    -7.54626    -7.54944  0.00179423
          44     -7.5656    -7.54981  0.00179064
          45    -7.54825    -7.54977  0.00175118
          46    -7.52352     -7.5492  0.00180373
          47    -7.55557    -7.54934  0.00177044
          48    -7.53217    -7.54898  0.00176932
          49    -7.55921    -7.54919  0.00174547
          50    -7.52605    -7.54873  0.00177084
          51    -7.53435    -7.54844  0.00175841
          52    -7.53083    -7.54811  0.00175694
          53    -7.54034    -7.54796  0.00172989
          54    -7.54214    -7.54785   0.0017012
          55    -7.55285    -7.54794   0.0016727
          56    -7.55004    -7.54798  0.00164325
          57    -7.56434    -7.54827   0.0016393
          58    -7.55426    -7.54837  0.00161429
          59    -7.54827    -7.54837  0.00158693
          60    -7.54672    -7.54834  0.00156072
          61    -7.53687    -7.54815  0.00154643
          62     -7.5509     -7.5482  0.00152213
          63    -7.55127    -7.54825  0.00149875
          64    -7.54471    -7.54819  0.00147635
          65    -7.54809    -7.54819  0.00145364
          66    -7.55118    -7.54823  0.00143232
          67    -7.54105    -7.54813  0.00141495
          68    -7.54723    -7.54811   0.0013942
          69    -7.55346    -7.54819  0.00137614
          70    -7.53609    -7.54802  0.00136731
          71    -7.55593    -7.54813  0.00135258
          72    -7.54326    -7.54806  0.00133549
          73    -7.53245    -7.54785   0.0013342
          74    -7.54334    -7.54779  0.00131756
          75    -7.56533    -7.54802   0.0013206
          76    -7.53357    -7.54783  0.00131684
          77    -7.52306    -7.54751  0.00133846
          78     -7.5494    -7.54753  0.00132152
          79    -7.52571    -7.54726  0.00133336
          80    -7.54965    -7.54729  0.00131703
          81    -7.54296    -7.54723  0.00130185
          82    -7.54913    -7.54726  0.00128618
          83    -7.55286    -7.54732  0.00127245
          84    -7.51153     -7.5469  0.00132673
          85    -7.55015    -7.54694  0.00131167
          86    -7.53403    -7.54679  0.00130498
          87    -7.55159    -7.54684  0.00129115
          88    -7.53643    -7.54672  0.00128189
          89    -7.55756    -7.54685  0.00127326
          90    -7.53096    -7.54667  0.00127128
          91    -7.55368    -7.54675  0.00125965
          92    -7.52654    -7.54653  0.00126495
          93    -7.53838    -7.54644  0.00125438
          94    -7.54749    -7.54645  0.00124108
          95    -7.55276    -7.54652   0.0012298
          96    -7.55946    -7.54665  0.00122436
          97    -7.57014    -7.54689  0.00123545
          98    -7.52636    -7.54668  0.00124048
          99    -7.55502    -7.54677  0.00123081
         100    -7.51304    -7.54643  0.00126386
