           1     7.63911     7.63911           0
           2     7.49345     7.56628   0.0514979
           3     7.63072     7.58776   0.0385524
           4     7.52559     7.57222   0.0318931
           5     7.62967     7.58371   0.0275069
           6      7.4337     7.55871   0.0323467
           7     7.56107     7.55904   0.0277275
           8     7.61362     7.56587   0.0250869
           9     7.53761     7.56273    0.022495
          10     7.69549       7.576   0.0238433
          11     7.60076     7.57825   0.0217817
          12       7.573     7.57782    0.019971
          13      7.5507     7.57573   0.0185433
          14     7.56722     7.57512   0.0172288
          15     7.63247     7.57895    0.016499
          16     7.58077     7.57906   0.0154682
          17     7.56609      7.5783   0.0145771
          18     7.50932     7.57446   0.0142621
          19     7.54488     7.57291   0.0135962
          20     7.55295     7.57191    0.012953
          21     7.47082      7.5671   0.0132003
          22     7.54083      7.5659   0.0126542
          23      7.6697     7.57042   0.0128836
          24     7.57362     7.57055   0.0123475
          25      7.6242     7.57269   0.0120386
          26     7.51546     7.57049   0.0117751
          27     7.69383     7.57506    0.012193
          28     7.47172     7.57137   0.0123034
          29     7.60231     7.57244   0.0119253
          30     7.47138     7.56907   0.0119941
          31     7.54071     7.56815    0.011642
          32     7.57319     7.56831   0.0112793
          33     7.62213     7.56994   0.0110548
          34     7.63673     7.57191   0.0109028
          35     7.55976     7.57156   0.0105968
          36       7.652     7.57379   0.0105353
          37     7.51047     7.57208   0.0103887
          38     7.65532     7.57427   0.0103437
          39     7.59747     7.57487   0.0100955
          40     7.57276     7.57482  0.00984329
          41     7.73187     7.57865   0.0103217
          42     7.52664     7.57741   0.0101499
          43     7.59092     7.57772  0.00991873
          44     7.49024     7.57573  0.00989058
          45     7.58817     7.57601  0.00967465
          46     7.72191     7.57918  0.00997068
          47     7.54037     7.57836  0.00979268
          48     7.67296     7.58033    0.009785
          49     7.52248     7.57915  0.00965626
          50     7.70949     7.58175  0.00980871
          51     7.66095     7.58331  0.00973853
          52     7.68011     7.58517  0.00972757
          53     7.62708     7.58596  0.00957612
          54      7.6212     7.58661    0.009421
          55     7.55956     7.58612  0.00926254
          56     7.56977     7.58583  0.00910174
          57     7.49533     7.58424  0.00907948
          58     7.55324     7.58371  0.00893866
          59     7.58479     7.58372  0.00878718
          60     7.59209     7.58386  0.00864183
          61     7.64937     7.58494  0.00856662
          62      7.5719     7.58473  0.00843103
          63     7.57035      7.5845  0.00830029
          64      7.6077     7.58486  0.00817852
          65     7.58456     7.58486  0.00805269
          66      7.5666     7.58458  0.00793543
          67     7.62688     7.58521  0.00784206
          68     7.59431     7.58534  0.00772788
          69     7.55451      7.5849  0.00762879
          70     7.65575     7.58591  0.00758666
          71     7.53744     7.58523  0.00751046
          72     7.61018     7.58557  0.00741414
          73     7.67711     7.58683  0.00741786
          74     7.61217     7.58717  0.00732552
          75     7.49374     7.58592  0.00733299
          76     7.66365     7.58695  0.00730747
          77     7.72229     7.58871  0.00742095
          78     7.57771     7.58856  0.00732715
          79     7.70642     7.59006  0.00738471
          80     7.57961     7.58993  0.00729355
          81     7.61702     7.59026  0.00721117
          82     7.57927     7.59013  0.00712448
          83     7.56305      7.5898  0.00704611
          84     7.78237     7.59209  0.00732567
          85     7.57148     7.59185   0.0072435
          86     7.66047     7.59265  0.00720309
          87     7.56908     7.59238  0.00712539
          88      7.6526     7.59306   0.0070772
          89     7.53245     7.59238  0.00703037
          90     7.67456     7.59329   0.0070113
          91     7.55302     7.59285  0.00694821
          92     7.70241     7.59404    0.006974
          93     7.63648      7.5945  0.00691392
          94     7.58443     7.59439   0.0068412
          95     7.55778     7.59401  0.00678003
          96     7.52042     7.59324  0.00675259
          97     7.46465     7.59191  0.00681186
          98     7.70205     7.59304  0.00683443
          99     7.55099     7.59261  0.00677857
         100     7.77431     7.59443  0.00695005
