           0           0           0
   0.0230664           0           0
   0.0461329           0           0
   0.0691993           0           0
   0.0922657           0           0
    0.115332           0           0
    0.138399           0           0
    0.161465           0           0
    0.184531           0           0
    0.207598           0           0
    0.230664           0           0
    0.253731           0           0
    0.276797           0           0
    0.299864           0           0
     0.32293           0           0
    0.345996           0           0
    0.369063           0           0
    0.392129           0           0
    0.415196           0           0
    0.438262           0           0
    0.461329           0           0
    0.484395           0           0
    0.507461           0           0
    0.530528           0           0
    0.553594           0           0
    0.576661           0           0
    0.599727           0           0
    0.622794           0           0
     0.64586           0           0
    0.668926           0           0
    0.691993           0           0
    0.715059           0           0
    0.738126           0           0
    0.761192           0           0
    0.784259           0           0
    0.807325           0           0
    0.830391           0           0
    0.853458           0           0
    0.876524           0 3.37041e-05
    0.899591  0.00111935 0.000280527
    0.922657   0.0523727  0.00108334
    0.945724    0.315501  0.00217792
     0.96879     1.03417  0.00446739
    0.991856     2.31589  0.00658845
     1.01492     3.70728  0.00820468
     1.03799     4.54828  0.00860321
     1.06106     4.68007  0.00949388
     1.08412     4.44668   0.0112716
     1.10719     3.66664  0.00868124
     1.13026     2.73927  0.00717669
     1.15332     1.87063   0.0065739
     1.17639     1.14291  0.00450713
     1.19945    0.663751  0.00359343
     1.22252    0.339416  0.00245306
     1.24559    0.186543  0.00212702
     1.26865   0.0853693  0.00164229
     1.29172   0.0503683   0.0012888
     1.31479   0.0573477  0.00122361
     1.33785   0.0622616  0.00157512
     1.36092    0.140445  0.00189744
     1.38399     0.22161  0.00211116
     1.40705     0.31784  0.00253473
     1.43012    0.459293  0.00250217
     1.45319    0.635576  0.00269443
     1.47625    0.771378  0.00321556
     1.49932    0.867587  0.00379108
     1.52238    0.931861  0.00412647
     1.54545    0.896932  0.00415712
     1.56852    0.783931  0.00290164
     1.59158    0.631524  0.00244731
     1.61465    0.483675  0.00220369
     1.63772     0.33049  0.00221405
     1.66078     0.24333  0.00211174
     1.68385    0.199818  0.00210103
     1.70692     0.25062  0.00282914
     1.72998    0.461029  0.00340353
     1.75305    0.819957  0.00334424
     1.77612     1.28958  0.00344512
     1.79918     1.73886   0.0035304
     1.82225     2.15241  0.00427667
     1.84531     2.52611   0.0050397
     1.86838     2.65732  0.00609687
     1.89145      2.5195  0.00515196
     1.91451     2.15932  0.00458579
     1.93758     1.70255   0.0034291
     1.96065     1.21998  0.00299051
     1.98371    0.823038   0.0032341
     2.00678    0.571595  0.00323483
     2.02985    0.451951  0.00278014
     2.05291    0.501964  0.00273685
     2.07598      0.5695  0.00245754
     2.09905    0.747073  0.00222909
     2.12211     0.89617  0.00241702
     2.14518      1.0127  0.00303272
     2.16824     1.02881  0.00258926
     2.19131    0.915006  0.00240204
     2.21438    0.791591  0.00212439
     2.23744    0.648299  0.00213996
     2.26051    0.605601  0.00291633
     2.28358    0.575197  0.00333244
