           1    0.804098    0.804098           0
           2    0.804854    0.804476 0.000267258
           3    0.806196    0.805049 0.000500673
           4    0.808465    0.805903  0.00082934
           5    0.795908    0.803904  0.00190714
           6    0.808327    0.804641  0.00172584
           7    0.809375    0.805318  0.00160633
           8    0.797051    0.804284   0.0017058
           9    0.814437    0.805412   0.0018521
          10    0.792087     0.80408  0.00209202
          11    0.807807    0.804419  0.00192908
          12    0.811451    0.805005  0.00185521
          13    0.805238    0.805023  0.00171259
          14    0.797825    0.804509  0.00166564
          15     0.80863    0.804783   0.0015771
          16    0.809367     0.80507  0.00150433
          17    0.803859    0.804999  0.00141753
          18    0.804152    0.804952  0.00133956
          19    0.807341    0.805077  0.00127494
          20    0.810186    0.805333  0.00123652
          21    0.808528    0.805485  0.00118696
          22    0.803926    0.805414  0.00113512
          23    0.807481    0.805504  0.00108932
          24    0.808403    0.805625  0.00105061
          25    0.808197    0.805728  0.00101361
          26    0.794772    0.805306  0.00105859
          27    0.797861     0.80503  0.00105469
          28    0.805108    0.805033  0.00101702
          29    0.800126    0.804864 0.000995931
          30    0.808169    0.804974 0.000968806
          31    0.805742    0.804999 0.000937871
          32    0.801928    0.804903 0.000913459
          33     0.80913    0.805031 0.000894716
          34    0.796139     0.80477 0.000905818
          35    0.810543    0.804935 0.000894833
          36    0.802075    0.804855 0.000873495
          37    0.805322    0.804868 0.000849979
          38    0.797382    0.804671  0.00085013
          39    0.803028    0.804629 0.000829375
          40    0.804345    0.804622 0.000808671
          41    0.806614     0.80467 0.000790406
          42    0.805607    0.804692 0.000771902
          43     0.80852    0.804781 0.000759066
          44     0.80203    0.804719 0.000744387
          45    0.804929    0.804724  0.00072786
          46    0.810574    0.804851 0.000723061
          47    0.811796    0.804999 0.000722618
          48    0.796152    0.804814 0.000730686
          49    0.809185    0.804903 0.000721197
          50    0.803638    0.804878 0.000707217
          51    0.811019    0.804999 0.000703526
          52    0.800446    0.804911 0.000695423
          53    0.807397    0.804958 0.000683882
          54    0.805085     0.80496 0.000671221
          55    0.810955    0.805069 0.000667807
          56    0.797846     0.80494 0.000668223
          57    0.803952    0.804923 0.000656725
          58    0.802936    0.804889 0.000646294
          59    0.809056    0.804959 0.000639189
          60    0.799107    0.804862 0.000635933
          61      0.8055    0.804872 0.000625594
          62    0.809506    0.804947 0.000619952
          63    0.803275     0.80492 0.000610679
          64    0.795653    0.804776 0.000618068
          65    0.806941    0.804809 0.000609456
          66     0.80447    0.804804 0.000600243
          67    0.815722    0.804967 0.000613006
          68    0.794476    0.804812 0.000623102
          69    0.807413     0.80485 0.000615211
          70    0.801313      0.8048 0.000608494
          71    0.816121    0.804959 0.000620464
          72    0.795325    0.804825 0.000626109
          73    0.808041    0.804869  0.00061908
          74    0.803452     0.80485  0.00061101
          75    0.808148    0.804894 0.000604443
          76    0.807411    0.804927 0.000597397
          77    0.799218    0.804853 0.000594221
          78    0.802302     0.80482 0.000587502
          79    0.805005    0.804823  0.00058007
          80    0.803808     0.80481 0.000572958
          81    0.798259    0.804729 0.000571564
          82    0.813245    0.804833 0.000573952
          83    0.806578    0.804854 0.000567422
          84    0.795433    0.804742 0.000571643
          85    0.812861    0.804837 0.000572843
          86    0.808285    0.804877 0.000567583
          87    0.801152    0.804835 0.000562673
          88    0.810806    0.804903 0.000560355
          89     0.80559     0.80491 0.000554112
          90    0.802562    0.804884  0.00054857
          91    0.806526    0.804902 0.000542838
          92    0.807119    0.804926 0.000537472
          93    0.795231    0.804822 0.000541709
          94    0.801325    0.804785 0.000537222
          95    0.809235    0.804832 0.000533605
          96    0.808722    0.804872 0.000529584
          97    0.795336    0.804774 0.000533172
          98    0.811369    0.804841 0.000531961
          99    0.805227    0.804845 0.000526602
         100    0.808468    0.804881 0.000522581
