           1    -7.51642    -7.51642           0
           2    -7.51786    -7.51714 0.000509788
           3    -7.51911     -7.5178 0.000634787
           4    -7.52308    -7.51912  0.00123794
           5    -7.50351      -7.516  0.00296332
           6    -7.52242    -7.51707  0.00265573
           7      -7.524    -7.51806  0.00245432
           8    -7.50465    -7.51638  0.00265867
           9    -7.53319    -7.51825  0.00294681
          10    -7.49816    -7.51624  0.00326596
          11    -7.52237     -7.5168  0.00301623
          12    -7.52774    -7.51771  0.00289935
          13    -7.51859    -7.51778  0.00267712
          14    -7.50761    -7.51705  0.00258259
          15      -7.524    -7.51751  0.00245159
          16    -7.52517    -7.51799  0.00234465
          17     -7.5171    -7.51794  0.00220731
          18    -7.51559    -7.51781  0.00208852
          19    -7.52116    -7.51799  0.00198604
          20    -7.52582    -7.51838  0.00192497
          21    -7.52283    -7.51859  0.00184497
          22    -7.51715    -7.51852  0.00176227
          23     -7.5218    -7.51867   0.0016914
          24    -7.52497    -7.51893  0.00164122
          25    -7.52194    -7.51905  0.00157999
          26    -7.50281    -7.51842  0.00163804
          27    -7.50712    -7.51801  0.00163002
          28    -7.51895    -7.51804  0.00157216
          29     -7.5106    -7.51778  0.00153871
          30    -7.52376    -7.51798  0.00150026
          31    -7.51959    -7.51803  0.00145276
          32    -7.51344    -7.51789  0.00141443
          33     -7.5243    -7.51808  0.00138482
          34    -7.50531    -7.51771  0.00139416
          35    -7.52678    -7.51797  0.00137821
          36    -7.51385    -7.51785  0.00134467
          37    -7.51893    -7.51788  0.00130864
          38     -7.5068    -7.51759  0.00130631
          39    -7.51425    -7.51751  0.00127562
          40    -7.51706    -7.51749  0.00124378
          41    -7.52006    -7.51756  0.00121502
          42    -7.51867    -7.51758  0.00118638
          43    -7.52341    -7.51772   0.0011665
          44    -7.51297    -7.51761  0.00114496
          45    -7.51736    -7.51761  0.00111953
          46     -7.5258    -7.51778  0.00110929
          47    -7.52831    -7.51801  0.00110806
          48    -7.50383    -7.51771  0.00112366
          49     -7.5241    -7.51784  0.00110826
          50    -7.51444    -7.51777  0.00108819
          51    -7.52838    -7.51798  0.00108653
          52    -7.51215    -7.51787  0.00107142
          53    -7.52177    -7.51794  0.00105372
          54    -7.51919    -7.51797  0.00103446
          55    -7.52677    -7.51813  0.00102795
          56    -7.50653    -7.51792  0.00103026
          57    -7.51629    -7.51789  0.00101258
          58    -7.51456    -7.51783 0.000996748
          59    -7.52521    -7.51796 0.000987661
          60    -7.50885    -7.51781 0.000982809
          61    -7.51922    -7.51783 0.000966973
          62    -7.52481    -7.51794 0.000957899
          63    -7.51697    -7.51793 0.000942818
          64    -7.50477    -7.51772 0.000950236
          65     -7.5216    -7.51778 0.000937486
          66    -7.51757    -7.51778 0.000923287
          67    -7.53449    -7.51803 0.000942608
          68    -7.50196    -7.51779 0.000957887
          69    -7.52086    -7.51784  0.00094504
          70    -7.51206    -7.51775  0.00093513
          71    -7.53521      -7.518 0.000953745
          72    -7.50371     -7.5178 0.000960936
          73    -7.52228    -7.51786 0.000949727
          74     -7.5147    -7.51782 0.000937856
          75    -7.52206    -7.51788 0.000927054
          76    -7.52245    -7.51794  0.00091681
          77    -7.50884    -7.51782 0.000912474
          78    -7.51354    -7.51776 0.000902424
          79    -7.51803    -7.51777 0.000891008
          80     -7.5157    -7.51774 0.000880246
          81    -7.50628     -7.5176 0.000880677
          82    -7.53093    -7.51776 0.000884824
          83    -7.51988    -7.51779 0.000874532
          84    -7.50248    -7.51761 0.000882893
          85    -7.52956    -7.51775  0.00088364
          86    -7.52165    -7.51779 0.000874528
          87    -7.51187    -7.51772 0.000867123
          88    -7.52853    -7.51785 0.000865917
          89    -7.51814    -7.51785 0.000856194
          90    -7.51474    -7.51781 0.000847379
          91    -7.52114    -7.51785 0.000838855
          92     -7.5214    -7.51789 0.000830626
          93    -7.50315    -7.51773 0.000836676
          94    -7.51241    -7.51767 0.000829691
          95    -7.52363    -7.51774 0.000823323
          96    -7.52398     -7.5178 0.000817307
          97     -7.5032    -7.51765 0.000822621
          98    -7.52782    -7.51776  0.00082074
          99     -7.5187    -7.51777 0.000812506
         100    -7.52456    -7.51783 0.000807215
