           1    -6.65351    -6.65351           0
           2    -6.65495    -6.65423 0.000509788
           3     -6.6562    -6.65489 0.000634787
           4    -6.66017    -6.65621  0.00123794
           5     -6.6406    -6.65309  0.00296332
           6    -6.65951    -6.65416  0.00265573
           7     -6.6611    -6.65515  0.00245432
           8    -6.64174    -6.65347  0.00265867
           9    -6.67028    -6.65534  0.00294681
          10    -6.63525    -6.65333  0.00326596
          11    -6.65946    -6.65389  0.00301623
          12    -6.66483     -6.6548  0.00289935
          13    -6.65568    -6.65487  0.00267712
          14     -6.6447    -6.65414  0.00258259
          15    -6.66109     -6.6546  0.00245159
          16    -6.66227    -6.65508  0.00234465
          17    -6.65419    -6.65503  0.00220731
          18    -6.65269     -6.6549  0.00208852
          19    -6.65825    -6.65508  0.00198604
          20    -6.66291    -6.65547  0.00192497
          21    -6.65993    -6.65568  0.00184497
          22    -6.65424    -6.65562  0.00176227
          23    -6.65889    -6.65576   0.0016914
          24    -6.66207    -6.65602  0.00164122
          25    -6.65903    -6.65614  0.00157999
          26     -6.6399    -6.65552  0.00163804
          27    -6.64421     -6.6551  0.00163002
          28    -6.65604    -6.65513  0.00157216
          29     -6.6477    -6.65488  0.00153871
          30    -6.66085    -6.65507  0.00150026
          31    -6.65668    -6.65513  0.00145276
          32    -6.65053    -6.65498  0.00141443
          33    -6.66139    -6.65518  0.00138482
          34     -6.6424     -6.6548  0.00139416
          35    -6.66387    -6.65506  0.00137821
          36    -6.65094    -6.65495  0.00134467
          37    -6.65602    -6.65497  0.00130864
          38    -6.64389    -6.65468  0.00130631
          39    -6.65134     -6.6546  0.00127562
          40    -6.65415    -6.65459  0.00124378
          41    -6.65716    -6.65465  0.00121502
          42    -6.65576    -6.65468  0.00118638
          43     -6.6605    -6.65481   0.0011665
          44    -6.65006     -6.6547  0.00114496
          45    -6.65445     -6.6547  0.00111953
          46     -6.6629    -6.65488  0.00110929
          47     -6.6654     -6.6551  0.00110806
          48    -6.64092     -6.6548  0.00112366
          49    -6.66119    -6.65493  0.00110826
          50    -6.65153    -6.65487  0.00108819
          51    -6.66547    -6.65507  0.00108653
          52    -6.64924    -6.65496  0.00107142
          53    -6.65886    -6.65504  0.00105372
          54    -6.65629    -6.65506  0.00103446
          55    -6.66386    -6.65522  0.00102795
          56    -6.64362    -6.65501  0.00103026
          57    -6.65338    -6.65498  0.00101258
          58    -6.65165    -6.65493 0.000996748
          59     -6.6623    -6.65505 0.000987661
          60    -6.64594     -6.6549 0.000982809
          61    -6.65632    -6.65492 0.000966973
          62     -6.6619    -6.65503 0.000957899
          63    -6.65406    -6.65502 0.000942818
          64    -6.64186    -6.65481 0.000950236
          65    -6.65869    -6.65487 0.000937486
          66    -6.65467    -6.65487 0.000923287
          67    -6.67158    -6.65512 0.000942608
          68    -6.63906    -6.65488 0.000957887
          69    -6.65796    -6.65493  0.00094504
          70    -6.64916    -6.65485  0.00093513
          71    -6.67231    -6.65509 0.000953745
          72     -6.6408    -6.65489 0.000960936
          73    -6.65937    -6.65495 0.000949727
          74    -6.65179    -6.65491 0.000937856
          75    -6.65915    -6.65497 0.000927054
          76    -6.65954    -6.65503  0.00091681
          77    -6.64594    -6.65491 0.000912474
          78    -6.65063    -6.65485 0.000902424
          79    -6.65512    -6.65486 0.000891008
          80    -6.65279    -6.65483 0.000880246
          81    -6.64337    -6.65469 0.000880677
          82    -6.66803    -6.65485 0.000884824
          83    -6.65697    -6.65488 0.000874532
          84    -6.63958     -6.6547 0.000882893
          85    -6.66665    -6.65484  0.00088364
          86    -6.65874    -6.65488 0.000874528
          87    -6.64896    -6.65481 0.000867123
          88    -6.66562    -6.65494 0.000865917
          89    -6.65524    -6.65494 0.000856194
          90    -6.65183    -6.65491 0.000847379
          91    -6.65823    -6.65494 0.000838855
          92     -6.6585    -6.65498 0.000830626
          93    -6.64024    -6.65482 0.000836676
          94     -6.6495    -6.65477 0.000829691
          95    -6.66072    -6.65483 0.000823323
          96    -6.66107    -6.65489 0.000817307
          97     -6.6403    -6.65474 0.000822621
          98    -6.66491    -6.65485  0.00082074
          99     -6.6558    -6.65486 0.000812506
         100    -6.66165    -6.65492 0.000807215
