           1    -6.31027    -6.31027           0
           2    -6.31058    -6.31043 0.000108902
           3    -6.30982    -6.31022 0.000180909
           4    -6.31038    -6.31026 0.000139766
           5    -6.30964    -6.31014 0.000157488
           6    -6.30993     -6.3101 0.000135104
           7    -6.30994    -6.31008 0.000117793
           8    -6.30908    -6.30996 0.000156342
           9    -6.31153    -6.31013 0.000215653
          10    -6.31003    -6.31012 0.000194334
          11    -6.31066    -6.31017 0.000182753
          12    -6.31056     -6.3102 0.000170386
          13    -6.31074    -6.31024 0.000162156
          14    -6.31087    -6.31029 0.000156607
          15    -6.31105    -6.31034 0.000154226
          16    -6.31112    -6.31039 0.000152178
          17    -6.31131    -6.31044 0.000152641
          18    -6.30937    -6.31038 0.000155385
          19    -6.31015    -6.31037 0.000147684
          20    -6.31054    -6.31038 0.000140544
          21    -6.31004    -6.31036 0.000134757
          22    -6.31126     -6.3104 0.000134637
          23    -6.31058    -6.31041 0.000128998
          24    -6.31237    -6.31049 0.000147215
          25    -6.30965    -6.31046 0.000145157
          26    -6.31065    -6.31047 0.000139764
          27    -6.31033    -6.31046 0.000134684
          28    -6.31128    -6.31049 0.000133051
          29    -6.31041    -6.31049 0.000128488
          30    -6.31151    -6.31052 0.000128616
          31    -6.31098    -6.31054  0.00012531
          32    -6.31055    -6.31054 0.000121395
          33     -6.3106    -6.31054 0.000117731
          34     -6.3111    -6.31055  0.00011541
          35    -6.31096    -6.31057 0.000112705
          36    -6.31074    -6.31057 0.000109674
          37    -6.31095    -6.31058 0.000107185
          38    -6.31073    -6.31059 0.000104431
          39     -6.3097    -6.31056 0.000104168
          40    -6.31054    -6.31056 0.000101565
          41    -6.31014    -6.31055 9.96007e-05
          42    -6.31026    -6.31054 9.74786e-05
          43    -6.31063    -6.31055 9.52305e-05
          44    -6.30993    -6.31053 9.40997e-05
          45    -6.30997    -6.31052 9.28392e-05
          46    -6.30994    -6.31051 9.16618e-05
          47    -6.31061    -6.31051 8.97391e-05
          48     -6.3096    -6.31049 8.98543e-05
          49    -6.31032    -6.31049 8.80879e-05
          50    -6.30898    -6.31046 9.13406e-05
          51    -6.31185    -6.31048 9.35426e-05
          52    -6.31148     -6.3105 9.36746e-05
          53    -6.31067    -6.31051 9.19616e-05
          54    -6.31157    -6.31053 9.23284e-05
          55    -6.31033    -6.31052 9.07163e-05
          56    -6.30976    -6.31051 9.01201e-05
          57    -6.31036    -6.31051 8.85753e-05
          58    -6.31015     -6.3105  8.7257e-05
          59    -6.31162    -6.31052 8.78315e-05
          60    -6.31018    -6.31051 8.65453e-05
          61    -6.31097    -6.31052 8.54546e-05
          62    -6.31055    -6.31052 8.40772e-05
          63    -6.31206    -6.31055 8.62112e-05
          64    -6.31129    -6.31056 8.56448e-05
          65    -6.31119    -6.31057 8.48705e-05
          66    -6.31087    -6.31057 8.37075e-05
          67    -6.31091    -6.31058 8.26094e-05
          68    -6.31025    -6.31057 8.15342e-05
          69    -6.30975    -6.31056 8.12301e-05
          70    -6.31009    -6.31055  8.0342e-05
          71    -6.31103    -6.31056  7.9492e-05
          72    -6.31072    -6.31056 7.84183e-05
          73    -6.31022    -6.31056 7.74877e-05
          74    -6.30952    -6.31054 7.77036e-05
          75    -6.30984    -6.31053 7.72354e-05
          76    -6.31133    -6.31055 7.69334e-05
          77    -6.31002    -6.31054  7.6239e-05
          78    -6.31008    -6.31053 7.54841e-05
          79    -6.31052    -6.31053 7.45287e-05
          80    -6.30998    -6.31053 7.39114e-05
          81    -6.30889    -6.31051 7.57036e-05
          82    -6.31107    -6.31051 7.50882e-05
          83    -6.31001    -6.31051 7.44223e-05
          84    -6.30933    -6.31049 7.48332e-05
          85    -6.31027    -6.31049 7.39987e-05
          86    -6.30922    -6.31047 7.46021e-05
          87    -6.31014    -6.31047 7.38448e-05
          88    -6.31232    -6.31049 7.59279e-05
          89    -6.30976    -6.31048 7.55183e-05
          90    -6.31089    -6.31049 7.48159e-05
          91    -6.31135     -6.3105 7.45913e-05
          92    -6.31073     -6.3105 7.38217e-05
          93     -6.3103     -6.3105 7.30579e-05
          94    -6.31042     -6.3105 7.22856e-05
          95    -6.30978    -6.31049 7.19192e-05
          96    -6.31089    -6.31049 7.12922e-05
          97     -6.3102    -6.31049 7.06214e-05
          98    -6.31076    -6.31049 6.99555e-05
          99    -6.31086     -6.3105 6.93487e-05
         100    -6.31186    -6.31051 6.99728e-05
