1.53162
1.48945
1.4152
1.30969
1.17573
1.0198
0.85329
0.692406
0.555683
0.458955
0.41028
0.407772
0.44145
0.497358
0.561546
0.622603
0.672614
0.707156
0.724809
0.726621
0.715692
0.696728
0.675258
0.656892
0.64634
0.646496
0.658085
0.679839
0.709057
0.742236
0.775648
0.805899
0.830547
0.848458
0.859848
0.866142
0.869515
0.87207
0.875111
0.878943
0.883141
0.886903
0.889181
0.888777
0.884443
0.875106
0.860125
0.83969
0.815147
0.789148
0.765259
0.746976
0.736677
0.735037
0.74102
0.752273
0.765703
0.778366
0.788148
0.793994
0.795866
0.794372
0.790414
0.784928
0.778784
0.77292
0.768174
0.765217
0.764519
0.766521
0.771794
0.781042
0.794829
0.813077
0.834575
0.856902
0.876893
0.891529
0.898884
0.898616
0.891636
0.879396
0.863405
0.845207
0.826568
0.809479
0.79568
0.786423
0.782138
0.782405
0.785855
0.790451
0.793913
0.794337
0.790687
0.782863
0.771741
0.758956
0.746727
0.737301
0.732472
0.73293
0.738185
0.746808
0.757001
0.767228
0.776733
0.785644
0.794636
0.804323
0.81476
0.825428
0.835425
0.843704
0.84938
0.85181
0.850636
0.84588
0.838036
0.828115
0.817346
0.807006
0.798165
0.791547
0.787567
0.786229
0.787341
0.790603
0.79571
0.802203
0.809193
0.815393
0.819337
0.81975
0.815914
0.807981
0.797017
0.784858
0.773835
0.766233
0.76357
0.765969
0.772048
0.779325
0.785131
0.787335
0.784853
0.777815
0.767523
0.756005
0.745691
0.738663
0.735975
0.737401
0.741668
0.747267
0.753374
0.76039
0.769554
0.781959
0.797446
0.814409
0.830737
0.845051
0.857008
0.866745
0.874314
0.87947
0.881854
0.881435
0.87859
0.873987
0.86822
0.861885
0.855519
0.849523
0.844237
0.839818
0.836139
0.832629
0.8282
0.821521
0.81135
0.796967
0.778486
0.756971
0.73421
0.712516
0.694197
0.681051
0.674143
0.673693
0.679105
0.689182
0.702648
0.718515
0.73634
0.756107
0.777696
0.800418
0.822933
0.843627
0.8611
0.874476
0.883415
0.887819
0.887802
0.883654
0.876012
0.866145
0.855844
0.846876
0.840213
0.835743
0.832423
0.82878
0.823414
0.815527
0.805081
0.792801
0.779898
0.767695
0.757265
0.749452
0.74484
0.74388
0.746784
0.753434
0.763399
0.775994
0.790385
0.805624
0.820741
0.834713
0.846531
0.855441
0.861052
0.863434
0.863113
0.860815
0.857311
0.85314
0.848552
0.843487
0.837747
0.831091
0.823422
0.814848
0.805697
0.796408
0.787252
0.778188
0.76891
0.759123
0.748802
0.738166
0.727596
0.717647
0.709328
0.704239
0.704272
0.710875
0.724239
0.743081
0.76514
0.7879
0.809083
0.826818
0.839717
0.847058
0.84903
0.846898
0.842823
0.839229
0.838079
0.840251
0.845269
0.851601
0.857267
0.860366
0.859588
0.854325
0.844696
0.831574
0.81664
0.802409
0.791607
0.786574
0.788477
0.797053
0.810612
0.82651
0.841787
0.85367
0.860067
0.859678
0.851935
0.836836
0.815047
0.788247
0.759535
0.733301
0.714366
0.70632
0.710097
0.723498
0.742148
0.761115
0.776391
0.7855
0.787605
0.783288
0.774195
0.762653
0.751275
0.742591
0.738764
0.741467
0.75167
0.76925
0.792965
0.820669
0.849713
0.877433
0.901281
0.919093
0.92935
0.931362
0.925291
0.912047
0.89312
0.870381
0.845859
0.821354
0.798129
0.776739
0.757289
0.739825
0.724733
0.712891
0.705475
0.703644
0.708167
0.71938
0.737071
0.760138
0.786619
0.813925
0.839143
0.859521
0.872847
0.877779
0.874005
0.862428
0.845001
0.824259
0.802793
0.782662
0.765237
0.751644
0.742978
0.739982
0.74226
0.748207
0.755933
0.763885
0.771139
0.777108
0.781489
0.784062
0.784896
0.784382
0.783189
0.782303
0.782885
0.786024
0.792351
0.801744
0.813159
0.824826
0.834883
0.841828
0.844995
0.844744
0.842324
0.839451
0.837697
0.837979
0.840344
0.844104
0.848072
0.850857
0.851141
0.847981
0.840943
0.830107
0.816025
0.799612
0.78212
0.76511
