1 3.99836
51 3.69029
101 3.66667
151 2.6291
201 2.53554
251 2.36078
301 2.12118
351 1.86528
401 1.74944
451 1.73191
501 1.73191
551 1.70842
601 1.70842
651 1.70842
701 1.79634
751 1.79634
801 1.79203
851 1.79203
901 1.77705
951 1.77678
1001 1.77678
1051 1.75927
1101 1.64604
1151 1.63341
1201 1.63341
1251 1.60825
1301 1.60619
1351 1.60619
1401 1.56786
1451 1.55762
1501 1.55762
1551 1.55762
1601 1.46617
1651 1.43318
1701 1.41448
1751 1.41448
1801 1.41737
1851 1.41737
1901 1.41241
1951 1.4132
2001 1.41241
2051 1.41241
2101 1.41241
2151 1.41241
2201 1.41241
2251 1.41241
2301 1.41241
2351 1.41241
2401 1.41241
2451 1.41241
2501 1.28391
2551 1.28391
2601 1.26732
2651 1.26732
2701 1.26732
2751 1.30025
2801 1.3327
2851 1.29263
2901 1.29
2951 1.33554
3001 1.29
3051 1.29
3101 1.29
3151 1.30417
3201 1.28843
3251 1.28843
3301 1.28843
3351 1.27863
3401 1.27863
3451 1.29322
3501 1.26563
3551 1.26563
3601 1.26304
3651 1.26098
3701 1.26098
3751 1.26098
3801 1.26098
3851 1.26098
3901 1.26098
3951 1.26098
4001 1.26098
4051 1.28392
4101 1.26098
4151 1.26098
4201 1.26098
4251 1.26098
4301 1.26098
4351 1.26098
4401 1.26098
4451 1.26098
4501 1.26098
4551 1.26098
4601 1.26098
4651 1.26098
4701 1.26098
4751 1.26304
4801 1.26098
4851 1.26098
4901 1.26098
4951 1.26098
5001 1.23219
5051 1.26156
5101 1.25499
5151 1.25499
5201 1.10812
5251 1.08951
5301 1.08951
5351 1.08951
5401 1.08794
5451 1.08794
5501 1.04282
5551 1.00877
5601 1.00877
5651 1.00877
5701 1.04483
5751 1.04483
5801 1.05011
5851 1.03683
5901 0.999032
5951 0.999032
6001 0.999032
6051 0.999032
6101 0.999032
6151 0.997978
6201 1.04867
6251 0.997978
6301 0.997978
6351 0.997978
6401 0.997978
6451 0.997978
6501 0.997978
6551 0.997978
6601 0.997978
6651 0.997978
6701 0.997978
6751 0.997978
6801 0.997978
6851 0.997978
6901 0.997978
6951 0.997978
7001 0.997978
7051 0.997978
7101 0.997978
7151 0.997978
7201 0.997978
7251 0.997978
7301 0.997978
7351 0.997978
7401 0.997978
7451 0.997978
7501 0.997978
7551 0.997978
7601 0.997978
7651 0.997978
7701 0.997978
7751 0.997978
7801 0.997978
7851 0.997978
7901 0.997978
7951 0.997978
8001 0.997978
8051 0.997978
8101 0.997978
8151 1.04343
8201 0.997978
8251 0.997978
8301 0.997978
8351 0.997978
8401 0.997978
8451 0.997978
8501 0.997978
8551 0.997978
8601 0.997978
8651 0.997978
8701 0.997978
8751 0.997978
8801 0.997978
8851 1.00004
8901 0.997978
8951 0.997978
9001 0.997978
9051 0.997978
9101 0.997978
9151 0.997978
9201 0.997978
9251 0.997978
9301 0.997978
9351 0.997978
9401 0.997978
9451 0.997978
9501 0.997978
9551 1.03203
9601 1.03203
9651 1.03203
9701 1.03203
9751 1.03203
9801 1.03203
9851 1.03203
9901 1.03203
9951 0.997978
10001 0.997978
10051 0.997978
10101 0.997978
10151 0.997978
10201 0.997978
10251 0.997978
10301 0.997978
10351 0.997978
10401 0.997978
10451 0.997978
10501 0.997978
10551 0.997978
10601 0.997978
10651 0.997978
10701 0.997978
10751 0.997978
10801 0.997978
10851 0.997978
10901 0.997978
10951 0.997978
11001 1.02927
11051 1.19969
11101 1.09164
11151 0.997978
11201 0.997978
11251 0.997978
11301 0.997978
11351 0.997978
11401 0.997978
11451 0.997978
11501 0.997978
11551 0.997978
11601 0.997978
11651 0.997978
11701 0.997978
11751 0.997978
11801 0.997978
11851 0.997978
11901 0.997978
11951 1.00341
12001 1.00135
12051 1.00135
12101 1.00135
12151 1.00135
12201 1.00135
12251 1.00004
12301 1.00004
12351 0.997978
12401 0.997978
12451 0.997978
12501 0.997978
12551 0.997978
12601 0.997978
12651 0.997978
12701 0.997978
12751 0.999032
12801 0.999032
12851 0.997978
12901 0.997978
12951 0.997978
13001 0.997978
13051 0.997978
13101 1.01673
13151 0.997978
13201 0.997978
13251 0.997978
13301 0.997978
13351 0.997978
13401 0.997978
13451 0.997978
13501 0.997978
13551 0.997978
13601 0.997978
13651 0.997978
13701 0.997978
13751 0.997978
13801 0.997978
13851 0.997978
13901 0.997978
13951 0.997978
14001 0.997978
14051 0.997978
14101 0.997978
14151 1.05487
14201 1.02506
14251 1.00217
14301 1.00217
14351 0.997978
14401 0.997978
14451 0.997978
14501 0.997978
14551 0.997978
14601 0.997978
14651 0.997978
14701 0.997978
14751 0.997978
14801 0.997978
14851 0.997978
14901 0.997978
14951 0.997978
15001 0.997978
15051 1.00217
15101 0.997978
15151 0.997978
15201 0.997978
15251 0.997978
15301 1.00217
15351 1.00217
15401 1.00217
15451 1.00217
15501 0.997978
15551 0.997978
15601 0.997978
15651 0.997978
15701 0.997978
15751 0.997978
15801 0.997978
15851 0.997978
15901 0.997978
15951 0.997978
16001 1.12953
16051 0.997978
16101 0.997978
16151 0.997978
16201 0.997978
16251 0.997978
16301 0.997978
16351 0.997978
16401 0.997978
16451 1.08589
16501 1.08589
16551 1.08589
16601 1.08589
16651 1.08589
16701 0.997978
16751 0.997978
16801 0.997978
16851 0.997978
16901 0.997978
16951 0.997978
17001 0.997978
17051 0.997978
17101 0.997978
17151 0.997978
17201 0.997978
17251 0.997978
17301 0.997978
17351 0.997978
17401 0.997978
17451 0.997978
17501 0.997978
17551 0.997978
17601 0.997978
17651 1.00341
17701 0.997978
17751 0.997978
17801 0.997978
17851 0.997978
17901 0.997978
17951 0.997978
18001 0.997978
18051 0.997978
18101 0.997978
18151 0.997978
18201 0.997978
18251 0.997978
18301 0.997978
18351 0.997978
18401 0.997978
18451 0.997978
18501 0.997978
18551 0.997978
18601 0.997978
18651 0.997978
18701 0.997978
18751 1.05884
18801 1.00217
18851 0.997978
18901 0.997978
18951 0.997978
19001 0.997978
19051 1.06643
19101 0.997978
19151 0.997978
19201 0.997978
19251 0.997978
19301 0.997978
19351 0.997978
19401 0.997978
19451 0.997978
19501 0.997978
19551 1.05108
19601 1.01673
19651 0.997978
19701 0.997978
19751 0.997978
19801 0.997978
19851 0.997978
19901 0.997978
19951 0.997978
20001 0.997978
