           1    0.032708    0.032708           0
           2    0.033104    0.032906 0.000140007
           3    0.033344    0.033052 0.000151402
           4    0.026948    0.031526  0.00132642
           5    0.024308   0.0300824  0.00167129
           6    0.022432   0.0288073  0.00181509
           7    0.029136   0.0288543   0.0015564
           8    0.037572    0.029944  0.00170108
           9    0.026764   0.0295907  0.00154833
          10    0.017192   0.0283508  0.00182356
          11     0.03078   0.0285716   0.0016711
          12     0.02952   0.0286507  0.00153371
          13    0.025248   0.0283889   0.0014379
          14    0.031812   0.0286334  0.00135582
          15    0.016724   0.0278395  0.00147975
          16    0.028952    0.027909   0.0013889
          17    0.033588   0.0282431  0.00134677
          18    0.025992    0.028118  0.00127775
          19    0.022124   0.0278025  0.00124883
          20    0.023916   0.0276082  0.00120142
           1    0.031304    0.031304           0
           2    0.027588    0.029446   0.0013138
           3    0.023964   0.0276187   0.0017301
           4     0.02766    0.027629  0.00129761
           5      0.0221   0.0265232  0.00143383
           6    0.033456   0.0276787  0.00159382
           7    0.031564   0.0282337  0.00145958
           8    0.029668    0.028413   0.0012881
           9    0.032844   0.0289053  0.00123549
          10    0.034188   0.0294336  0.00121966
          11    0.016492   0.0282571  0.00157726
          12    0.028724    0.028296   0.0014463
          13     0.02964   0.0283994  0.00133873
          14    0.024476   0.0281191   0.0012721
          15     0.02868   0.0281565  0.00118785
          16    0.025048   0.0279622  0.00112938
          17    0.030544   0.0281141  0.00107311
          18    0.025548   0.0279716  0.00102292
          19    0.027132   0.0279274 0.000970035
          20    0.024936   0.0277778 0.000932993
           1    0.024736    0.024736           0
           2    0.028108    0.026422  0.00119218
           3     0.03156   0.0281347  0.00160847
           4      0.0221    0.026626   0.0017783
           5    0.033968   0.0280944   0.0019362
           6    0.029108   0.0282633  0.00162085
           7    0.042116   0.0302423  0.00229934
           8    0.035708   0.0309255  0.00211098
           9    0.026268    0.030408  0.00193882
          10    0.028564   0.0302236  0.00175369
          11    0.029184   0.0301291  0.00159681
          12    0.031184    0.030217  0.00146616
          13    0.031612   0.0303243   0.0013573
          14    0.018852   0.0295049  0.00148728
          15     0.03256   0.0297085  0.00140201
          16    0.019004   0.0290395  0.00146534
          17     0.03104   0.0291572  0.00138386
          18     0.02894   0.0291451  0.00130703
          19    0.037712    0.029596  0.00131372
          20    0.028492   0.0295408  0.00124919
           1    0.034336    0.034336           0
           2    0.031016    0.032676   0.0011738
           3    0.036088   0.0338133  0.00121438
           4     0.04096      0.0356  0.00179545
           5    0.029736   0.0344272  0.00177863
           6      0.0329   0.0341727  0.00150029
           7     0.03068   0.0336737  0.00136641
           8     0.03602    0.033967  0.00122668
           9     0.02708   0.0332018  0.00130746
          10    0.035416   0.0334232  0.00119531
          11    0.034524   0.0335233  0.00109083
          12    0.030668   0.0332853  0.00102555
          13    0.036668   0.0335455 0.000979115
          14    0.032576   0.0334763 0.000911624
          15    0.040924   0.0339728 0.000976747
          16    0.029384    0.033686 0.000956881
          17    0.035508   0.0337932 0.000906576
          18     0.02028   0.0330424  0.00112489
          19     0.03856   0.0333328  0.00110254
          20    0.035756    0.033454  0.00105404
           1    0.027192    0.027192           0
           2    0.034988     0.03109   0.0027563
           3    0.023696   0.0286253  0.00272512
           4    0.040668    0.031636  0.00331291
           5    0.020016    0.029312  0.00336824
           6     0.03776     0.03072  0.00308716
           7    0.030108   0.0306326  0.00264737
           8    0.027196    0.030203  0.00235104
           9    0.045868   0.0319436  0.00265711
          10    0.032756   0.0320248  0.00239264
          11    0.037328   0.0325069  0.00222317
          12      0.0418   0.0332813   0.0021686
          13     0.02486   0.0326335  0.00209631
          14    0.043212   0.0333891  0.00207829
          15    0.042384   0.0339888   0.0020244
          16    0.030992   0.0338015  0.00190652
          17    0.036468   0.0339584  0.00180081
          18    0.029264   0.0336976  0.00171955
          19    0.034632   0.0337467  0.00162975
          20    0.025396   0.0333292  0.00160085
           1    0.037596    0.037596           0
           2       0.031    0.034298  0.00233204
           3    0.041868   0.0368213  0.00258106
           4    0.038256     0.03718  0.00196056
           5    0.030744   0.0358928  0.00194564
           6    0.034408   0.0356453  0.00163703
           7    0.034292    0.035452  0.00141454
           8      0.0302   0.0347955  0.00138169
           9    0.023224   0.0335098  0.00172563
          10    0.044408   0.0345996  0.00186574
          11    0.039348   0.0350313  0.00174535
          12    0.035832    0.035098  0.00160118
          13     0.04202   0.0356305  0.00156404
          14    0.041484   0.0360486  0.00150717
          15    0.028864   0.0355696  0.00148085
          16     0.03418   0.0354828  0.00139084
          17    0.048148   0.0362278  0.00149531
          18    0.029668   0.0358633  0.00145597
          19    0.016972   0.0348691  0.00168497
          20    0.039052   0.0350782  0.00161365
           1    0.034136    0.034136           0
           2    0.039204     0.03667  0.00179181
           3      0.0426   0.0386467  0.00200792
           4     0.04278     0.03968  0.00175177
           5    0.037372   0.0392184  0.00146096
           6     0.04368    0.039962  0.00139392
           7    0.038144   0.0397023  0.00121874
           8    0.051748    0.041208  0.00176663
           9     0.04296   0.0414027  0.00158103
          10    0.035516    0.040814  0.00152859
          11    0.035768   0.0403553  0.00145684
          12    0.037764   0.0401393  0.00135134
          13    0.036376   0.0398498  0.00127802
          14    0.044996   0.0402174  0.00123847
          15      0.0378   0.0400563  0.00116634
          16    0.037924    0.039923  0.00110104
          17    0.046868   0.0403315  0.00110947
          18     0.04078   0.0403564  0.00104812
          19    0.038888   0.0402792 0.000995797
          20     0.03216   0.0398732  0.00102542
           1    0.041548    0.041548           0
           2    0.040448    0.040998 0.000388909
           3     0.03228    0.038092  0.00238686
           4    0.037604     0.03797  0.00179326
           5    0.038408   0.0380576  0.00143675
           6    0.036308    0.037766  0.00122652
           7     0.05412   0.0401023  0.00240494
           8    0.038336   0.0398815  0.00211443
           9    0.045728   0.0405311  0.00197677
          10    0.051852   0.0416632  0.00207813
          11    0.026816   0.0403135  0.00228589
          12      0.0373   0.0400623  0.00210915
          13    0.046976   0.0405942  0.00201284
          14    0.032284   0.0400006  0.00195463
          15     0.03932   0.0399552  0.00182485
          16     0.04364   0.0401855  0.00172527
          17    0.032404   0.0397278  0.00168341
          18    0.035816   0.0395104  0.00160385
          19     0.04448    0.039772  0.00154062
          20    0.053416   0.0404542  0.00160755
           1    0.041764    0.041764           0
           2    0.038872    0.040318  0.00102248
           3    0.041424   0.0406867 0.000745156
           4     0.05562     0.04442  0.00328111
           5    0.046708   0.0448776   0.0026566
           6    0.037852   0.0437067  0.00245838
           7    0.051696    0.044848  0.00235728
           8    0.049004   0.0453675  0.00211909
           9    0.034664   0.0441782   0.0021921
          10     0.05188   0.0449484  0.00210385
          11     0.03672   0.0442004  0.00204124
          12    0.053996   0.0450167   0.0020278
          13    0.060232   0.0461871  0.00218362
          14      0.0267   0.0447951  0.00243114
          15    0.040996   0.0445419  0.00228222
          16    0.054724   0.0451783  0.00222654
          17    0.039448   0.0448412  0.00212093
          18    0.050604   0.0451613  0.00202712
          19    0.028532   0.0442861  0.00210089
          20     0.05006   0.0445748  0.00201559
           1    0.049304    0.049304           0
           2     0.04904    0.049172 9.33381e-05
           3      0.0458    0.048048 0.000919849
           4     0.05258    0.049181  0.00119946
           5    0.056272   0.0505992  0.00159054
           6     0.03694   0.0483227  0.00246488
           7    0.061252   0.0501697  0.00271808
           8    0.059052     0.05128   0.0025952
           9    0.031368   0.0490676  0.00311007
          10    0.047228   0.0488836   0.0028045
          11    0.053804   0.0493309  0.00258497
          12    0.044272   0.0489093  0.00240369
          13     0.04656   0.0487286  0.00222557
          14    0.065792   0.0499474  0.00237702
          15     0.05986   0.0506083  0.00230859
          16    0.041604   0.0500455  0.00223184
          17    0.058224   0.0505266  0.00215178
          18    0.045316   0.0502371  0.00205162
          19    0.030924   0.0492206  0.00218096
          20    0.048744   0.0491968  0.00207204
           1    0.046216    0.046216           0
           2    0.047764     0.04699 0.000547301
           3    0.041816   0.0452653  0.00145469
           4    0.041844     0.04441  0.00131871
           5     0.04686      0.0449  0.00114239
           6     0.05734   0.0469733  0.00211862
           7    0.058672   0.0486446  0.00238574
           8    0.039536    0.047506  0.00234351
           9    0.067184   0.0496924  0.00293066
          10    0.056536   0.0503768  0.00271632
          11    0.050404   0.0503793  0.00246938
          12    0.051132    0.050442   0.0022644
          13    0.045896   0.0500923  0.00211704
          14    0.052136   0.0502383  0.00197085
          15    0.042132   0.0496979  0.00191212
          16      0.0423   0.0492355  0.00184767
          17    0.044848   0.0489774  0.00175692
          18    0.058468   0.0495047  0.00173662
          19    0.046732   0.0493587  0.00165134
          20    0.043052   0.0490434   0.0015986
           1     0.05778     0.05778           0
           2    0.051232    0.054506  0.00231507
           3    0.068752   0.0592547  0.00417316
           4    0.055504    0.058317  0.00323349
           5    0.060112    0.058676  0.00260665
           6    0.069784   0.0605273  0.00275221
           7    0.057484   0.0600926  0.00239313
           8    0.054548   0.0593995  0.00219205
           9    0.033932   0.0565698  0.00330367
          10    0.054188   0.0563316  0.00298188
          11     0.05544   0.0562505   0.0027119
          12     0.05898    0.056478  0.00249543
          13    0.049484     0.05594  0.00236076
          14      0.0549   0.0558657   0.0021933
          15     0.07188   0.0569333  0.00229224
          16    0.058204   0.0570127  0.00215035
          17    0.054084   0.0568405  0.00203075
          18    0.049056    0.056408  0.00196344
          19    0.044404   0.0557762  0.00195911
          20     0.05648   0.0558114  0.00186147
           1    0.065716    0.065716           0
           2    0.058216    0.061966  0.00265165
           3    0.079084    0.067672  0.00498303
           4    0.051856    0.063718  0.00506881
           5     0.06264   0.0635024  0.00405963
           6     0.06444   0.0636587  0.00338603
           7     0.04158   0.0605046   0.0041171
           8    0.066872   0.0613005   0.0036786
           9    0.054636     0.06056  0.00334356
          10    0.062704   0.0607744  0.00301607
          11    0.056912   0.0604233  0.00276225
          12    0.076384   0.0617533  0.00283425
          13    0.067476   0.0621935   0.0026502
          14    0.048944   0.0612471  0.00262444
          15    0.050652   0.0605408  0.00254276
          16     0.05218   0.0600182  0.00243694
          17    0.058364   0.0599209  0.00229553
          18    0.058904   0.0598644  0.00216869
          19    0.061296   0.0599398  0.00205586
          20     0.05242   0.0595638  0.00198715
           1    0.064972    0.064972           0
           2    0.061072    0.063022  0.00137886
           3    0.064996     0.06368  0.00106473
           4    0.067408    0.064612   0.0011354
           5    0.047112    0.061112  0.00325961
           6    0.050764   0.0593873  0.00313962
           7    0.068124   0.0606354   0.0029287
           8     0.05996    0.060551  0.00256383
           9    0.068156    0.061396  0.00241419
          10     0.05066   0.0603224  0.00239965
          11    0.061836     0.06046  0.00218544
          12    0.060548   0.0604673  0.00200333
          13    0.055096   0.0600542  0.00189136
          14    0.053756   0.0596043  0.00180897
          15    0.061236   0.0597131  0.00169164
          16    0.054504   0.0593875  0.00161694
          17    0.061748   0.0595264  0.00152777
          18    0.077168   0.0605064  0.00172892
          19    0.046736   0.0597817  0.00178338
          20    0.074044   0.0604948  0.00183124
           1    0.075756    0.075756           0
           2    0.074688    0.075222 0.000377595
           3    0.073912   0.0747853 0.000436448
           4     0.06126    0.071404  0.00294656
           5    0.083164    0.073756  0.00315945
           6    0.052708    0.070248  0.00414573
           7     0.08578   0.0724669  0.00410454
           8    0.081856   0.0736405  0.00375552
           9    0.073568   0.0736324  0.00333825
          10    0.060404   0.0723096  0.00325599
          11    0.081496   0.0731447  0.00306522
          12    0.050684    0.071273  0.00333262
          13    0.069744   0.0711554  0.00307834
          14    0.073272   0.0713066  0.00286216
          15    0.067156   0.0710299   0.0026847
          16    0.064924   0.0706482  0.00254388
          17    0.075152   0.0709132    0.002408
          18    0.070972   0.0709164  0.00227422
          19    0.069636   0.0708491  0.00215552
          20    0.044608    0.069537  0.00241426
           1    0.073096    0.073096           0
           2    0.089468    0.081282  0.00578838
           3    0.080888   0.0811507  0.00386041
           4    0.063376    0.076707  0.00481585
           5       0.088   0.0789656  0.00435019
           6    0.080236   0.0791773  0.00363031
           7    0.082556     0.07966  0.00314362
           8    0.070356    0.078497  0.00295798
           9    0.089356   0.0797036  0.00286484
          10     0.06466   0.0781992  0.00294698
          11    0.096608   0.0798727  0.00311826
          12    0.084152   0.0802293  0.00287872
          13    0.104272   0.0820788  0.00319663
          14    0.077512   0.0817526   0.0029849
          15    0.091372   0.0823939  0.00285396
          16    0.050568   0.0804047  0.00329668
          17    0.090716   0.0810113  0.00315806
          18    0.078476   0.0808704  0.00298575
          19     0.08428   0.0810499  0.00283399
          20    0.069856   0.0804902  0.00274701
           1    0.097516    0.097516           0
           2    0.104828    0.101172  0.00258518
           3    0.063448   0.0885973   0.0104108
           4    0.085272    0.087766  0.00784124
           5    0.094264   0.0890656  0.00637978
           6    0.089072   0.0890667  0.00531648
           7     0.07552   0.0871314  0.00489655
           8    0.087296    0.087152  0.00428453
           9      0.0709   0.0853462  0.00417168
          10    0.085172   0.0853288  0.00375455
          11    0.068836   0.0838295  0.00370051
          12     0.10988   0.0860003  0.00397826
          13     0.08292   0.0857634  0.00367929
          14      0.0769   0.0851303  0.00347053
          15    0.079784   0.0847739  0.00325741
          16     0.09078   0.0851493  0.00307538
          17    0.084192   0.0850929  0.00289499
          18    0.092948   0.0855293  0.00276685
          19    0.088548   0.0856882  0.00262578
          20    0.074308   0.0851192   0.0025554
           1    0.110392    0.110392           0
           2    0.125428     0.11791  0.00531603
           3    0.078776    0.104865   0.0112251
           4    0.114008    0.107151  0.00864838
           5    0.075096     0.10074  0.00898606
           6    0.106164    0.101644  0.00753371
           7     0.11412    0.103426  0.00666496
           8     0.09766    0.102706  0.00587068
           9    0.100848    0.102499  0.00522201
          10    0.090052    0.101254  0.00484588
          11    0.089944    0.100226  0.00451312
          12    0.122548    0.102086  0.00450409
          13    0.089848    0.101145  0.00425486
          14    0.111096    0.101856  0.00400988
          15    0.089024       0.101  0.00383271
          16    0.102332    0.101084  0.00359407
          17    0.110536     0.10164   0.0034254
          18    0.102472    0.101686  0.00323541
          19     0.08792    0.100961   0.0031452
          20    0.081996    0.100013  0.00312762
           1     0.10528     0.10528           0
           2    0.124052    0.114666   0.0066369
           3    0.122768    0.117367  0.00494363
           4    0.134168    0.121567  0.00519416
           5    0.128504    0.122954  0.00433667
           6    0.097044    0.118636  0.00534796
           7      0.1071    0.116988  0.00483122
           8    0.127716    0.118329   0.0044095
           9    0.107936    0.117174  0.00406795
          10    0.111824    0.116639  0.00369618
          11     0.10712    0.115774  0.00345998
          12    0.112348    0.115488  0.00318341
          13    0.110652    0.115116  0.00296019
          14    0.111352    0.114847  0.00276093
          15    0.120992    0.115257  0.00260708
          16    0.129608    0.116154  0.00259384
          17    0.111864    0.115902  0.00245351
          18    0.115528    0.115881  0.00231729
          19     0.10132    0.115115  0.00231859
          20     0.05868    0.112293   0.0035236
           1    0.164844    0.164844           0
           2     0.13462    0.149732   0.0106858
           3    0.114812    0.138092   0.0118775
           4    0.153812    0.142022  0.00953619
           5    0.091244    0.131866   0.0118621
           6    0.141644    0.133496  0.00999641
           7    0.128644    0.132803  0.00859235
           8    0.158616    0.136029  0.00810152
           9    0.143584    0.136869  0.00724471
          10    0.130852    0.136267  0.00654518
          11      0.1132     0.13417  0.00627711
          12    0.124788    0.133388  0.00580251
          13     0.11486    0.131963  0.00552843
          14    0.124836    0.131454  0.00515693
          15    0.111292     0.13011  0.00498523
          16    0.125296    0.129809  0.00468272
          17    0.107264    0.128483  0.00459122
          18    0.083656    0.125992  0.00496585
          19    0.137124    0.126578  0.00473892
          20     0.15982     0.12824  0.00478458
           1    0.134896    0.134896           0
           2    0.135384     0.13514 0.000172534
           3    0.165244    0.145175  0.00819408
           4    0.162592    0.149529  0.00721027
           5    0.157484     0.15112  0.00594116
           6    0.141568    0.149528  0.00515986
           7    0.120916    0.145441  0.00582073
           8    0.160948    0.147379  0.00540628
           9     0.16546    0.149388  0.00516539
          10    0.156952    0.150144  0.00470391
          11    0.099484    0.145539  0.00612935
          12    0.149348    0.145856  0.00562678
          13     0.15002    0.146177  0.00520306
          14    0.126428    0.144766  0.00501899
          15    0.185108    0.147455  0.00535673
          16      0.1709    0.148921  0.00521849
          17    0.123356    0.147417  0.00512362
          18    0.173988    0.148893  0.00504715
          19    0.156556    0.149296  0.00479759
          20      0.1737    0.150517  0.00471032
           1    0.186992    0.186992           0
           2    0.165044    0.176018  0.00775979
           3    0.195468    0.182501  0.00740164
           4    0.142812    0.172579   0.0102301
           5    0.171788    0.172421  0.00818533
           6    0.170236    0.172057  0.00682921
           7    0.160872    0.170459  0.00603763
           8    0.140472     0.16671   0.0063406
           9    0.186728    0.168935  0.00601355
          10      0.1166    0.163701  0.00734453
          11    0.186868    0.165807  0.00697227
          12     0.20316     0.16892  0.00705193
          13    0.163272    0.168486  0.00652284
          14    0.150488      0.1672  0.00618231
          15    0.118956    0.163984  0.00655358
          16    0.157024    0.163549   0.0061584
          17    0.189308    0.165064  0.00597965
          18     0.15682    0.164606  0.00566496
          19      0.2123    0.167116  0.00589678
          20    0.143708    0.165946  0.00571692
           1    0.196116    0.196116           0
           2    0.243568    0.219842   0.0167768
           3    0.224116    0.221267   0.0112449
           4     0.23012     0.22348  0.00864874
           5    0.147304    0.208245   0.0152827
           6    0.231968    0.212199   0.0132372
           7     0.17168     0.20641   0.0125481
           8    0.148012     0.19911   0.0129297
           9     0.18272    0.197289   0.0116206
          10      0.2345     0.20101   0.0110382
          11    0.254092    0.205836   0.0110393
          12    0.230796    0.207916   0.0103134
          13     0.17736    0.205566  0.00978428
          14    0.224772    0.206937  0.00918108
          15      0.1804    0.205168   0.0087378
          16    0.210876    0.205525  0.00819896
          17    0.219988    0.206376  0.00776069
          18    0.152404    0.203377  0.00788754
          19    0.258136    0.206259  0.00798159
          20    0.219052    0.206899   0.0076081
           1    0.281212    0.281212           0
           2    0.205704    0.243458   0.0266961
           3    0.210868    0.232595   0.0198852
           4    0.168976     0.21669   0.0203013
           5     0.29328    0.232008   0.0212482
           6    0.235164    0.232534   0.0177133
           7      0.2597    0.236415   0.0156022
           8    0.216128    0.233879   0.0138565
           9    0.244564    0.235066   0.0123676
          10     0.18662    0.230222   0.0120424
          11    0.205288    0.227955   0.0111589
          12    0.315456    0.235247   0.0123843
          13    0.189088    0.231696   0.0119298
          14    0.186708    0.228483   0.0115023
          15    0.252876    0.230109   0.0108499
          16    0.291088     0.23392   0.0108204
          17    0.273584    0.236253   0.0104325
          18    0.244112     0.23669  0.00986201
          19    0.216912    0.235649  0.00939774
          20    0.193524    0.233543  0.00916084
           1    0.225764    0.225764           0
           2    0.285592    0.255678   0.0211524
           3    0.262412    0.257923   0.0142202
           4      0.2966    0.267592   0.0135598
           5    0.301116    0.274297   0.0123951
           6    0.357188    0.288112   0.0163016
           7    0.255784    0.283494   0.0146124
           8    0.320664     0.28814   0.0135043
           9    0.246852    0.283552   0.0127593
          10     0.41632    0.296829   0.0170444
          11    0.224152    0.290222   0.0167265
          12    0.309024    0.291789   0.0154059
          13    0.252036    0.288731   0.0145211
          14    0.322612    0.291151   0.0136841
          15     0.28646    0.290838   0.0127754
          16    0.240928    0.287719   0.0123519
          17    0.334216    0.290454   0.0119243
          18    0.280788    0.289917   0.0112739
          19     0.29634    0.290255   0.0106856
          20    0.181376    0.284811   0.0114544
           1    0.367276    0.367276           0
           2    0.427372    0.397324   0.0212471
           3    0.425752      0.4068   0.0161401
           4    0.402048    0.405612   0.0121487
           5    0.353852     0.39526   0.0134235
           6    0.287856    0.377359    0.019803
           7    0.319652    0.369115    0.018611
           8    0.384208    0.371002     0.01638
           9    0.336112    0.367125   0.0150117
          10    0.400956    0.370508   0.0138865
          11    0.313248    0.365303   0.0135647
          12    0.342628    0.363413   0.0125653
          13    0.444384    0.369642   0.0130514
          14    0.328464    0.366701   0.0124462
          15     0.31664    0.363363   0.0120556
          16     0.48646    0.371057   0.0135362
          17    0.348284    0.369717   0.0128061
          18     0.40778    0.371832    0.012268
          19     0.36866    0.371665   0.0116234
          20      0.4003    0.373097   0.0111301
           1      0.4586      0.4586           0
           2    0.506244    0.482422   0.0168447
           3    0.305416     0.42342   0.0494665
           4    0.539644    0.452476   0.0448284
           5    0.356536    0.433288   0.0397578
           6    0.445012    0.435242   0.0331795
           7    0.481308    0.441823   0.0290848
           8    0.414356    0.438389   0.0256511
           9     0.49408    0.444577   0.0235355
          10    0.452676    0.445387   0.0211959
          11     0.38742    0.440117   0.0199133
          12    0.471864    0.442763   0.0184287
          13    0.312664    0.432755   0.0195404
          14      0.4491    0.433923   0.0181795
          15    0.427592    0.433501   0.0169724
          16    0.478316    0.436302   0.0161411
          17    0.448504     0.43702   0.0152076
          18    0.372784    0.433451   0.0147755
          19    0.390824    0.431207   0.0141672
          20    0.544592    0.436877    0.014549
           1    0.361056    0.361056           0
           2    0.493216    0.427136   0.0467256
           3    0.456956    0.437076   0.0321903
           4     0.57232    0.470887   0.0379508
           5    0.592516    0.495213   0.0373519
           6    0.617572    0.515606   0.0362689
           7    0.479916    0.510507   0.0314439
           8    0.624124     0.52471   0.0305528
           9    0.566904    0.529398   0.0275154
          10    0.611816     0.53764   0.0259689
          11     0.47852    0.532265   0.0241579
          12    0.571344    0.535522   0.0223631
          13    0.606492    0.540981   0.0212988
          14    0.503236    0.538285   0.0199474
          15    0.564828    0.540054   0.0186959
          16    0.553968    0.540924   0.0175476
          17    0.513756    0.539326    0.016588
          18    0.669352     0.54655   0.0171674
          19    0.511316    0.544695   0.0163637
          20    0.627852    0.548853   0.0160651
           1    0.775244    0.775244           0
           2     0.71474    0.744992   0.0213914
           3    0.780032    0.756672   0.0171558
           4      0.5519    0.705479   0.0461638
           5     0.53618    0.671619   0.0477608
           6    0.652496    0.668432   0.0399069
           7    0.664788    0.667911   0.0342093
           8    0.693952    0.671166   0.0300876
           9     0.54188    0.656801   0.0299783
          10    0.779476    0.669069   0.0293835
          11    0.667828    0.668956   0.0267124
          12    0.764136    0.676888   0.0256369
          13    0.615712    0.672182   0.0240929
          14    0.800464    0.681345   0.0240514
          15    0.604956    0.676252   0.0229808
          16     0.69188    0.677229   0.0215652
          17     0.61138    0.673356   0.0206416
          18    0.696996    0.674669   0.0195366
          19    0.580608    0.669718   0.0191253
          20    0.651524    0.668809   0.0181907
           1    0.654104    0.654104           0
           2     0.72582    0.689962   0.0253554
           3     0.77618    0.718701     0.02892
           4    0.884436    0.760135   0.0419287
           5    0.753884    0.758885   0.0335616
           6    0.739424    0.755641   0.0281243
           7    0.930984     0.78069   0.0334506
           8     0.85314    0.789747   0.0304705
           9     0.64846    0.774048   0.0308651
          10    0.824112    0.779054   0.0281816
          11    0.859608    0.786377   0.0265541
          12      0.8239    0.789504   0.0245247
          13    0.578272    0.773256    0.027499
          14     0.76484    0.772655   0.0255414
          15    0.814968    0.775475   0.0239939
          16    0.662688    0.768426    0.023507
          17    0.834532    0.772315   0.0224435
          18    0.896524    0.779215   0.0222322
          19    0.688664    0.774449   0.0215668
          20    0.843528    0.777903   0.0207632
