           2     1.35581  0.00448357
        1.95     1.42551  0.00666935
         1.9      1.5122  0.00810685
        1.85     1.59667   0.0068213
         1.8     1.69153   0.0076876
        1.75     1.78654   0.0090261
         1.7     1.90844   0.0111651
        1.65     2.03869    0.013854
         1.6     2.18322   0.0162218
        1.55     2.33497   0.0128189
           2     1.35581  0.00448357
        1.95     1.42551  0.00666935
         1.9      1.5122  0.00810685
        1.85     1.59667   0.0068213
         1.8     1.69153   0.0076876
        1.75     1.78654   0.0090261
         1.7     1.90844   0.0111651
        1.65     2.03869    0.013854
         1.6     2.18322   0.0162218
        1.55     2.33497   0.0128189
         1.5     2.53109  0.00995022
        1.45     2.73766   0.0222825
         1.4     2.98632    0.023891
        1.35     3.25467   0.0273992
         1.3     3.53815   0.0249486
        1.25     3.96919   0.0330504
         1.2     4.38851   0.0385517
        1.15     4.97911   0.0427703
         1.1     5.53138   0.0540442
        1.05     6.42732    0.059762
           1      7.4551    0.105572
        0.95     8.61377    0.110453
         0.9     10.1156    0.129095
        0.85       12.53    0.176493
         0.8      14.911    0.190813
        0.75     19.2204     0.27675
         0.7     24.8231     0.50081
        0.65     33.6827    0.706204
         0.6     44.8872    0.912017
        0.55     59.6283     1.06183
