           2   -0.461624 0.000442573
        1.95    -0.47275 0.000434356
         1.9   -0.482438 0.000366428
        1.85   -0.494121 0.000337028
         1.8   -0.505243 0.000364319
        1.75   -0.516238 0.000254584
         1.7   -0.528701 0.000375732
        1.65   -0.541318 0.000355113
         1.6   -0.554645  0.00043021
        1.55   -0.568065 0.000465664
           2   -0.461624 0.000442573
        1.95    -0.47275 0.000434356
         1.9   -0.482438 0.000366428
        1.85   -0.494121 0.000337028
         1.8   -0.505243 0.000364319
        1.75   -0.516238 0.000254584
         1.7   -0.528701 0.000375732
        1.65   -0.541318 0.000355113
         1.6   -0.554645  0.00043021
        1.55   -0.568065 0.000465664
         1.5   -0.582567 0.000473485
        1.45   -0.598506 0.000338207
         1.4   -0.613543 0.000396758
        1.35   -0.628896 0.000407808
         1.3   -0.646093 0.000512211
        1.25   -0.663793 0.000439532
         1.2   -0.682474 0.000452856
        1.15   -0.701564 0.000410865
         1.1   -0.721159 0.000370043
        1.05   -0.740152 0.000489986
           1   -0.761441 0.000443204
        0.95    -0.78265 0.000737027
         0.9   -0.804606 0.000609418
        0.85   -0.825985 0.000724986
         0.8   -0.847918 0.000500303
        0.75   -0.870467 0.000699304
         0.7   -0.891855 0.000785058
        0.65   -0.914502 0.000989735
         0.6   -0.935969  0.00104921
        0.55   -0.955558  0.00121961
