           2    0.198007 0.000675987
        1.95    0.204271 0.000663561
         1.9     0.21244 0.000907634
        1.85    0.218946 0.000798896
         1.8    0.229951  0.00095632
        1.75    0.239755 0.000844913
         1.7    0.249171 0.000786203
        1.65    0.259401 0.000798268
         1.6    0.270334 0.000807055
        1.55    0.280394 0.000867863
         1.5    0.294493  0.00111243
        1.45    0.304329  0.00142605
         1.4    0.319183  0.00138582
        1.35    0.331277   0.0014018
         1.3    0.343813  0.00124197
        1.25    0.358382  0.00169645
         1.2    0.366991  0.00173207
        1.15    0.382284    0.001606
         1.1    0.394857  0.00253775
        1.05    0.411117  0.00237353
           1    0.422449  0.00187493
        0.95    0.432206  0.00244486
         0.9    0.435933  0.00240418
        0.85    0.442549   0.0024444
         0.8    0.439616  0.00453185
        0.75    0.437602  0.00420768
         0.7    0.429952    0.006634
        0.65    0.435545  0.00456974
         0.6    0.419377  0.00431172
        0.55    0.396524   0.0067804
