           2   0.0011706  0.00131914
        1.95   0.0009878  0.00116599
         1.9   -0.000689  0.00125065
        1.85    0.001528  0.00119017
         1.8   0.0004594  0.00114279
        1.75  -0.0001032   0.0011915
         1.7  -0.0012652  0.00115015
        1.65   0.0015776  0.00129927
         1.6   0.0001614  0.00115973
        1.55    0.000933  0.00199165
           2   0.0011706  0.00131914
        1.95   0.0009878  0.00116599
         1.9   -0.000689  0.00125065
        1.85    0.001528  0.00119017
         1.8   0.0004594  0.00114279
        1.75  -0.0001032   0.0011915
         1.7  -0.0012652  0.00115015
        1.65   0.0015776  0.00129927
         1.6   0.0001614  0.00115973
        1.55    0.000933  0.00199165
         1.5   0.0008876  0.00237606
        1.45   -0.000287  0.00246644
         1.4   0.0036276   0.0022457
        1.35   0.0023174  0.00148099
         1.3   0.0014148    0.002353
        1.25    0.002036  0.00301524
         1.2   0.0026598  0.00248114
        1.15   -0.000989  0.00310253
         1.1  -0.0027264  0.00378502
        1.05  -0.0001454  0.00374618
           1  -0.0028758  0.00519479
        0.95   -0.005598  0.00507784
         0.9   0.0123896   0.0060807
        0.85    -0.00082  0.00693176
         0.8    0.015035  0.00862182
        0.75   0.0362506   0.0125549
         0.7   0.0062866   0.0184469
        0.65  -0.0032132   0.0237368
         0.6   0.0117152   0.0304802
        0.55  -0.0088134    0.039133
