           1   -0.463024   -0.463024           0
           2   -0.462352   -0.462688 0.000237588
           3    -0.46144   -0.462272 0.000374778
           4    -0.46044   -0.461814 0.000486139
           5   -0.460144    -0.46148 0.000490405
           6   -0.464768   -0.462028  0.00064596
           7    -0.46436   -0.462361 0.000633791
           8   -0.465232    -0.46272 0.000648248
           9    -0.46016   -0.462436  0.00063557
          10    -0.46428    -0.46262 0.000598178
          11   -0.460976   -0.462471 0.000562159
          12   -0.459792   -0.462247 0.000557869
          13   -0.458816   -0.461983 0.000574012
          14    -0.46128   -0.461933 0.000535205
          15    -0.45912   -0.461746 0.000531369
          16   -0.462624     -0.4618 0.000500986
          17   -0.462992   -0.461871 0.000476394
          18   -0.461408   -0.461845  0.00045062
          19      -0.461     -0.4618 0.000429092
          20   -0.458264   -0.461624 0.000442573
           1   -0.471752   -0.471752           0
           2   -0.471728    -0.47174 8.48528e-06
           3   -0.476008   -0.473163  0.00116162
           4   -0.475608   -0.473774  0.00101946
           5   -0.470608   -0.473141  0.00099293
           6   -0.472688   -0.473065 0.000830305
           7    -0.47204   -0.472919 0.000724495
           8    -0.47268   -0.472889 0.000634548
           9      -0.472    -0.47279 0.000571679
          10      -0.475   -0.473011 0.000555581
          11   -0.472976   -0.473008 0.000505082
          12   -0.473528   -0.473051 0.000464847
          13   -0.474376   -0.473153 0.000440116
          14   -0.471568    -0.47304 0.000422995
          15   -0.471992    -0.47297 0.000400523
          16   -0.468264   -0.472676 0.000471275
          17   -0.470976   -0.472576 0.000454039
          18    -0.47164   -0.472524 0.000431782
          19    -0.47308   -0.472553 0.000410047
          20   -0.476496    -0.47275 0.000434356
           1   -0.482576   -0.482576           0
           2   -0.485104    -0.48384 0.000893783
           3   -0.484424   -0.484035  0.00061669
           4    -0.48172   -0.483456 0.000681956
           5   -0.481296   -0.483024 0.000668536
           6   -0.484528   -0.483275 0.000602276
           7   -0.482944   -0.483227 0.000518086
           8   -0.485008    -0.48345 0.000498848
           9    -0.48056   -0.483129 0.000536915
          10    -0.48124    -0.48294 0.000515379
          11   -0.481152   -0.482777 0.000493494
          12   -0.481848     -0.4827 0.000458407
          13    -0.48232   -0.482671 0.000424076
          14   -0.482544   -0.482662 0.000393882
          15   -0.482016   -0.482619 0.000369968
          16    -0.47924   -0.482407 0.000402624
          17   -0.485232   -0.482574 0.000411797
          18   -0.480488   -0.482458 0.000404892
          19   -0.482776   -0.482475 0.000383928
          20   -0.481752   -0.482438 0.000366428
           1    -0.49212    -0.49212           0
           2   -0.492752   -0.492436 0.000223446
           3   -0.492616   -0.492496 0.000156813
           4   -0.494728   -0.493054 0.000497348
           5   -0.494912   -0.493426 0.000518437
           6   -0.493544   -0.493445 0.000432406
           7    -0.49452   -0.493599 0.000396953
           8    -0.49396   -0.493644 0.000349891
           9   -0.491096   -0.493361 0.000409849
          10    -0.49336   -0.493361 0.000368864
          11   -0.497208   -0.493711 0.000472915
          12   -0.494608   -0.493785 0.000439379
          13   -0.494704   -0.493856 0.000411224
          14   -0.495832   -0.493997  0.00040535
          15   -0.494912   -0.494058 0.000382888
          16   -0.492936   -0.493988 0.000365324
          17   -0.492736   -0.493914 0.000351179
          18    -0.49648   -0.494057 0.000359433
          19   -0.493504   -0.494028 0.000341692
          20   -0.495888   -0.494121 0.000337028
           1   -0.503304   -0.503304           0
           2    -0.50384   -0.503572 0.000189505
           3   -0.507656   -0.504933  0.00111868
           4   -0.507824   -0.505656  0.00104672
           5   -0.506328    -0.50579 0.000845961
           6   -0.504936   -0.505648 0.000716852
           7     -0.5066   -0.505784 0.000627213
           8   -0.503904   -0.505549 0.000591199
           9   -0.506032   -0.505603  0.00052794
          10   -0.506368   -0.505679 0.000480661
          11   -0.504232   -0.505548 0.000454614
          12   -0.503744   -0.505397 0.000440876
          13   -0.505832   -0.505431 0.000408229
          14   -0.506008   -0.505472 0.000381146
          15     -0.5058   -0.505494 0.000356363
          16   -0.505304   -0.505482 0.000334288
          17    -0.50336   -0.505357 0.000337124
          18   -0.507376   -0.505469 0.000336535
          19   -0.501312   -0.505251 0.000383411
          20   -0.505096   -0.505243 0.000364319
           1    -0.51456    -0.51456           0
           2   -0.515992   -0.515276 0.000506288
           3   -0.517792   -0.516115 0.000763434
           4   -0.515688   -0.516008 0.000579979
           5   -0.517808   -0.516368 0.000564766
           6   -0.517312   -0.516525 0.000492066
           7   -0.516256   -0.516487 0.000423272
           8   -0.516712   -0.516515 0.000371298
           9   -0.515688   -0.516423 0.000341223
          10   -0.517528   -0.516534 0.000324497
          11    -0.51396     -0.5163 0.000369846
          12   -0.516592   -0.516324 0.000339827
          13   -0.514752   -0.516203  0.00033451
          14   -0.518248   -0.516349 0.000341019
          15      -0.516   -0.516326 0.000319077
          16   -0.515632   -0.516282 0.000302068
          17   -0.517264    -0.51634 0.000289764
          18   -0.515448   -0.516291 0.000277873
          19   -0.515312   -0.516239  0.00026798
          20   -0.516216   -0.516238 0.000254584
           1   -0.531824   -0.531824           0
           2    -0.53064   -0.531232 0.000418607
           3   -0.530552   -0.531005 0.000334862
           4   -0.528296   -0.530328 0.000638091
           5   -0.528552   -0.529973 0.000601262
           6   -0.528168   -0.529672 0.000571361
           7   -0.528792   -0.529546 0.000503378
           8   -0.528368   -0.529399 0.000461501
           9   -0.525856   -0.529005 0.000553206
          10   -0.527848    -0.52889 0.000509848
          11     -0.5262   -0.528645 0.000518826
          12    -0.53088   -0.528831 0.000507919
          13   -0.528576   -0.528812 0.000469228
          14    -0.52624   -0.528628 0.000470295
          15   -0.529256    -0.52867 0.000440802
          16   -0.530088   -0.528758 0.000422068
          17   -0.526736    -0.52864 0.000413668
          18   -0.531048   -0.528773 0.000411759
          19   -0.527504   -0.528707  0.00039547
          20     -0.5286   -0.528701 0.000375732
           1   -0.540584   -0.540584           0
           2    -0.54424   -0.542412  0.00129259
           3   -0.544608   -0.543144  0.00104871
           4   -0.541896   -0.542832 0.000831649
           5   -0.543024    -0.54287 0.000666205
           6   -0.539104   -0.542243 0.000797865
           7   -0.541536   -0.542142 0.000690242
           8   -0.539312   -0.541788 0.000688654
           9   -0.541864   -0.541796 0.000612188
          10   -0.540736    -0.54169 0.000560079
          11   -0.542472   -0.541761  0.00051365
          12    -0.54116   -0.541711 0.000473285
          13    -0.54168   -0.541709 0.000436885
          14   -0.538768   -0.541499 0.000453377
          15   -0.542056   -0.541536 0.000424671
          16   -0.541176   -0.541513 0.000398724
          17   -0.540648   -0.541463 0.000378506
          18   -0.540696    -0.54142 0.000359866
          19   -0.538584   -0.541271 0.000370591
          20   -0.542224   -0.541318 0.000355113
           1   -0.557304   -0.557304           0
           2   -0.553032   -0.555168  0.00151038
           3   -0.555456   -0.555264  0.00100997
           4   -0.549792   -0.553896  0.00140618
           5    -0.55732   -0.554581  0.00128088
           6   -0.553032   -0.554323   0.0010931
           7   -0.553072   -0.554144 0.000951434
           8    -0.55576   -0.554346 0.000853679
           9   -0.554104   -0.554319 0.000759249
          10    -0.55468   -0.554355 0.000684181
          11     -0.5554    -0.55445 0.000628541
          12    -0.55596   -0.554576 0.000588621
          13     -0.5546   -0.554578 0.000543345
          14   -0.554608    -0.55458 0.000504539
          15   -0.555624    -0.55465  0.00047568
          16   -0.551656   -0.554462 0.000481341
          17   -0.557344   -0.554632 0.000481948
          18   -0.556832   -0.554754 0.000470416
          19   -0.553976   -0.554713 0.000447437
          20   -0.553352   -0.554645  0.00043021
           1   -0.570104   -0.570104           0
           2   -0.571752   -0.570928 0.000582656
           3   -0.566168   -0.569341  0.00135249
           4   -0.565512   -0.568384  0.00131008
           5   -0.569696   -0.568646  0.00107402
           6   -0.568672   -0.568651 0.000895025
           7   -0.566568   -0.568353 0.000815117
           8   -0.566184   -0.568082 0.000756982
           9    -0.56896    -0.56818  0.00067913
          10     -0.5686   -0.568222 0.000612517
          11    -0.56892   -0.568285 0.000560115
          12   -0.568904   -0.568337 0.000515807
          13   -0.567536   -0.568275 0.000479793
          14   -0.568344    -0.56828 0.000445547
          15   -0.563536   -0.567964 0.000516026
          16    -0.57136   -0.568176 0.000525622
          17    -0.56824    -0.56818 0.000494717
          18   -0.569936   -0.568277 0.000476757
          19   -0.564576   -0.568083  0.00048985
          20   -0.567736   -0.568065 0.000465664
           1   -0.585776   -0.585776           0
           1   -0.463024   -0.463024           0
           2   -0.462352   -0.462688 0.000237588
           3    -0.46144   -0.462272 0.000374778
           4    -0.46044   -0.461814 0.000486139
           5   -0.460144    -0.46148 0.000490405
           6   -0.464768   -0.462028  0.00064596
           7    -0.46436   -0.462361 0.000633791
           8   -0.465232    -0.46272 0.000648248
           9    -0.46016   -0.462436  0.00063557
          10    -0.46428    -0.46262 0.000598178
          11   -0.460976   -0.462471 0.000562159
          12   -0.459792   -0.462247 0.000557869
          13   -0.458816   -0.461983 0.000574012
          14    -0.46128   -0.461933 0.000535205
          15    -0.45912   -0.461746 0.000531369
          16   -0.462624     -0.4618 0.000500986
          17   -0.462992   -0.461871 0.000476394
          18   -0.461408   -0.461845  0.00045062
          19      -0.461     -0.4618 0.000429092
          20   -0.458264   -0.461624 0.000442573
           1   -0.471752   -0.471752           0
           2   -0.471728    -0.47174 8.48528e-06
           3   -0.476008   -0.473163  0.00116162
           4   -0.475608   -0.473774  0.00101946
           5   -0.470608   -0.473141  0.00099293
           6   -0.472688   -0.473065 0.000830305
           7    -0.47204   -0.472919 0.000724495
           8    -0.47268   -0.472889 0.000634548
           9      -0.472    -0.47279 0.000571679
          10      -0.475   -0.473011 0.000555581
          11   -0.472976   -0.473008 0.000505082
          12   -0.473528   -0.473051 0.000464847
          13   -0.474376   -0.473153 0.000440116
          14   -0.471568    -0.47304 0.000422995
          15   -0.471992    -0.47297 0.000400523
          16   -0.468264   -0.472676 0.000471275
          17   -0.470976   -0.472576 0.000454039
          18    -0.47164   -0.472524 0.000431782
          19    -0.47308   -0.472553 0.000410047
          20   -0.476496    -0.47275 0.000434356
           1   -0.482576   -0.482576           0
           2   -0.485104    -0.48384 0.000893783
           3   -0.484424   -0.484035  0.00061669
           4    -0.48172   -0.483456 0.000681956
           5   -0.481296   -0.483024 0.000668536
           6   -0.484528   -0.483275 0.000602276
           7   -0.482944   -0.483227 0.000518086
           8   -0.485008    -0.48345 0.000498848
           9    -0.48056   -0.483129 0.000536915
          10    -0.48124    -0.48294 0.000515379
          11   -0.481152   -0.482777 0.000493494
          12   -0.481848     -0.4827 0.000458407
          13    -0.48232   -0.482671 0.000424076
          14   -0.482544   -0.482662 0.000393882
          15   -0.482016   -0.482619 0.000369968
          16    -0.47924   -0.482407 0.000402624
          17   -0.485232   -0.482574 0.000411797
          18   -0.480488   -0.482458 0.000404892
          19   -0.482776   -0.482475 0.000383928
          20   -0.481752   -0.482438 0.000366428
           1    -0.49212    -0.49212           0
           2   -0.492752   -0.492436 0.000223446
           3   -0.492616   -0.492496 0.000156813
           4   -0.494728   -0.493054 0.000497348
           5   -0.494912   -0.493426 0.000518437
           6   -0.493544   -0.493445 0.000432406
           7    -0.49452   -0.493599 0.000396953
           8    -0.49396   -0.493644 0.000349891
           9   -0.491096   -0.493361 0.000409849
          10    -0.49336   -0.493361 0.000368864
          11   -0.497208   -0.493711 0.000472915
          12   -0.494608   -0.493785 0.000439379
          13   -0.494704   -0.493856 0.000411224
          14   -0.495832   -0.493997  0.00040535
          15   -0.494912   -0.494058 0.000382888
          16   -0.492936   -0.493988 0.000365324
          17   -0.492736   -0.493914 0.000351179
          18    -0.49648   -0.494057 0.000359433
          19   -0.493504   -0.494028 0.000341692
          20   -0.495888   -0.494121 0.000337028
           1   -0.503304   -0.503304           0
           2    -0.50384   -0.503572 0.000189505
           3   -0.507656   -0.504933  0.00111868
           4   -0.507824   -0.505656  0.00104672
           5   -0.506328    -0.50579 0.000845961
           6   -0.504936   -0.505648 0.000716852
           7     -0.5066   -0.505784 0.000627213
           8   -0.503904   -0.505549 0.000591199
           9   -0.506032   -0.505603  0.00052794
          10   -0.506368   -0.505679 0.000480661
          11   -0.504232   -0.505548 0.000454614
          12   -0.503744   -0.505397 0.000440876
          13   -0.505832   -0.505431 0.000408229
          14   -0.506008   -0.505472 0.000381146
          15     -0.5058   -0.505494 0.000356363
          16   -0.505304   -0.505482 0.000334288
          17    -0.50336   -0.505357 0.000337124
          18   -0.507376   -0.505469 0.000336535
          19   -0.501312   -0.505251 0.000383411
          20   -0.505096   -0.505243 0.000364319
           1    -0.51456    -0.51456           0
           2   -0.515992   -0.515276 0.000506288
           3   -0.517792   -0.516115 0.000763434
           4   -0.515688   -0.516008 0.000579979
           5   -0.517808   -0.516368 0.000564766
           6   -0.517312   -0.516525 0.000492066
           7   -0.516256   -0.516487 0.000423272
           8   -0.516712   -0.516515 0.000371298
           9   -0.515688   -0.516423 0.000341223
          10   -0.517528   -0.516534 0.000324497
          11    -0.51396     -0.5163 0.000369846
          12   -0.516592   -0.516324 0.000339827
          13   -0.514752   -0.516203  0.00033451
          14   -0.518248   -0.516349 0.000341019
          15      -0.516   -0.516326 0.000319077
          16   -0.515632   -0.516282 0.000302068
          17   -0.517264    -0.51634 0.000289764
          18   -0.515448   -0.516291 0.000277873
          19   -0.515312   -0.516239  0.00026798
          20   -0.516216   -0.516238 0.000254584
           1   -0.531824   -0.531824           0
           2    -0.53064   -0.531232 0.000418607
           3   -0.530552   -0.531005 0.000334862
           4   -0.528296   -0.530328 0.000638091
           5   -0.528552   -0.529973 0.000601262
           6   -0.528168   -0.529672 0.000571361
           7   -0.528792   -0.529546 0.000503378
           8   -0.528368   -0.529399 0.000461501
           9   -0.525856   -0.529005 0.000553206
          10   -0.527848    -0.52889 0.000509848
          11     -0.5262   -0.528645 0.000518826
          12    -0.53088   -0.528831 0.000507919
          13   -0.528576   -0.528812 0.000469228
          14    -0.52624   -0.528628 0.000470295
          15   -0.529256    -0.52867 0.000440802
          16   -0.530088   -0.528758 0.000422068
          17   -0.526736    -0.52864 0.000413668
          18   -0.531048   -0.528773 0.000411759
          19   -0.527504   -0.528707  0.00039547
          20     -0.5286   -0.528701 0.000375732
           1   -0.540584   -0.540584           0
           2    -0.54424   -0.542412  0.00129259
           3   -0.544608   -0.543144  0.00104871
           4   -0.541896   -0.542832 0.000831649
           5   -0.543024    -0.54287 0.000666205
           6   -0.539104   -0.542243 0.000797865
           7   -0.541536   -0.542142 0.000690242
           8   -0.539312   -0.541788 0.000688654
           9   -0.541864   -0.541796 0.000612188
          10   -0.540736    -0.54169 0.000560079
          11   -0.542472   -0.541761  0.00051365
          12    -0.54116   -0.541711 0.000473285
          13    -0.54168   -0.541709 0.000436885
          14   -0.538768   -0.541499 0.000453377
          15   -0.542056   -0.541536 0.000424671
          16   -0.541176   -0.541513 0.000398724
          17   -0.540648   -0.541463 0.000378506
          18   -0.540696    -0.54142 0.000359866
          19   -0.538584   -0.541271 0.000370591
          20   -0.542224   -0.541318 0.000355113
           1   -0.557304   -0.557304           0
           2   -0.553032   -0.555168  0.00151038
           3   -0.555456   -0.555264  0.00100997
           4   -0.549792   -0.553896  0.00140618
           5    -0.55732   -0.554581  0.00128088
           6   -0.553032   -0.554323   0.0010931
           7   -0.553072   -0.554144 0.000951434
           8    -0.55576   -0.554346 0.000853679
           9   -0.554104   -0.554319 0.000759249
          10    -0.55468   -0.554355 0.000684181
          11     -0.5554    -0.55445 0.000628541
          12    -0.55596   -0.554576 0.000588621
          13     -0.5546   -0.554578 0.000543345
          14   -0.554608    -0.55458 0.000504539
          15   -0.555624    -0.55465  0.00047568
          16   -0.551656   -0.554462 0.000481341
          17   -0.557344   -0.554632 0.000481948
          18   -0.556832   -0.554754 0.000470416
          19   -0.553976   -0.554713 0.000447437
          20   -0.553352   -0.554645  0.00043021
           1   -0.570104   -0.570104           0
           2   -0.571752   -0.570928 0.000582656
           3   -0.566168   -0.569341  0.00135249
           4   -0.565512   -0.568384  0.00131008
           5   -0.569696   -0.568646  0.00107402
           6   -0.568672   -0.568651 0.000895025
           7   -0.566568   -0.568353 0.000815117
           8   -0.566184   -0.568082 0.000756982
           9    -0.56896    -0.56818  0.00067913
          10     -0.5686   -0.568222 0.000612517
          11    -0.56892   -0.568285 0.000560115
          12   -0.568904   -0.568337 0.000515807
          13   -0.567536   -0.568275 0.000479793
          14   -0.568344    -0.56828 0.000445547
          15   -0.563536   -0.567964 0.000516026
          16    -0.57136   -0.568176 0.000525622
          17    -0.56824    -0.56818 0.000494717
          18   -0.569936   -0.568277 0.000476757
          19   -0.564576   -0.568083  0.00048985
          20   -0.567736   -0.568065 0.000465664
           1   -0.585776   -0.585776           0
           2   -0.581776   -0.583776  0.00141421
           3     -0.5826   -0.583384 0.000995656
           4   -0.585128    -0.58382 0.000836777
           5   -0.580496   -0.583155 0.000895373
           6   -0.580552   -0.582721 0.000844747
           7     -0.5862   -0.583218  0.00085788
           8   -0.582608   -0.583142 0.000754029
           9   -0.582352   -0.583054 0.000675338
          10   -0.581624   -0.582911 0.000622764
          11   -0.583208   -0.582938 0.000566734
          12   -0.581544   -0.582822 0.000531281
          13   -0.577856    -0.58244 0.000612539
          14   -0.581392   -0.582365 0.000573342
          15   -0.580008   -0.582208 0.000556238
          16   -0.582632   -0.582234 0.000522104
          17   -0.585672   -0.582437 0.000529101
          18   -0.585432   -0.582603 0.000525223
          19   -0.582424   -0.582594 0.000497664
          20   -0.582064   -0.582567 0.000473485
           1   -0.598016   -0.598016           0
           2    -0.59716   -0.597588 0.000302642
           3   -0.598768   -0.597981 0.000379273
           4   -0.600096    -0.59851 0.000539009
           5   -0.596944   -0.598197 0.000514213
           6   -0.599704   -0.598448 0.000486011
           7   -0.598768   -0.598494 0.000418725
           8   -0.597168   -0.598328 0.000397827
           9   -0.595952   -0.598064 0.000432437
          10   -0.597792   -0.598037 0.000390048
          11   -0.598448   -0.598074 0.000356376
          12   -0.600056   -0.598239 0.000362933
          13   -0.598296   -0.598244 0.000335041
          14     -0.6008   -0.598426 0.000357419
          15   -0.599968   -0.598529 0.000348055
          16   -0.595096   -0.598315 0.000386826
          17   -0.600544   -0.598446 0.000385663
          18   -0.598984   -0.598476 0.000365395
          19   -0.599856   -0.598548 0.000353313
          20   -0.597696   -0.598506 0.000338207
           1     -0.6102     -0.6102           0
           2   -0.612816   -0.611508 0.000924896
           3   -0.614448   -0.612488  0.00101018
           4   -0.612312   -0.612444 0.000758591
           5   -0.614984   -0.612952  0.00075812
           6   -0.614152   -0.613152 0.000657619
           7   -0.613016   -0.613133  0.00056396
           8   -0.613872   -0.613225 0.000500982
           9   -0.613096   -0.613211 0.000445522
          10   -0.612544   -0.613144 0.000405927
          11   -0.617304   -0.613522 0.000515945
          12   -0.610944   -0.613307 0.000515746
          13   -0.613632   -0.613332 0.000476678
          14   -0.613712   -0.613359   0.0004434
          15   -0.613632   -0.613378 0.000414212
          16   -0.616216   -0.613555 0.000424617
          17   -0.611528   -0.613436 0.000416044
          18   -0.613224   -0.613424 0.000393096
          19   -0.612336   -0.613367 0.000376555
          20   -0.616888   -0.613543 0.000396758
           1    -0.63192    -0.63192           0
           2   -0.627464   -0.629692  0.00157543
           3   -0.631752   -0.630379  0.00119057
           4    -0.62652   -0.629414   0.0012228
           5    -0.62992   -0.629515 0.000982422
           6   -0.630384    -0.62966 0.000829288
           7    -0.62796   -0.629417 0.000745531
           8   -0.629176   -0.629387 0.000652949
           9   -0.627576   -0.629186 0.000610618
          10    -0.62912   -0.629179 0.000549591
          11   -0.630952    -0.62934 0.000522725
          12   -0.627728   -0.629206 0.000496133
          13   -0.628488   -0.629151 0.000461033
          14   -0.630144   -0.629222 0.000433526
          15   -0.624968   -0.628938 0.000488649
          16   -0.625696   -0.628736 0.000498355
          17   -0.629072   -0.628755 0.000469432
          18   -0.629528   -0.628798 0.000445311
          19    -0.62924   -0.628821 0.000422481
          20   -0.630304   -0.628896 0.000407808
           1   -0.645872   -0.645872           0
           2   -0.644784   -0.645328 0.000384666
           3   -0.646064   -0.645573 0.000325406
           4   -0.642888   -0.644902 0.000630539
           5    -0.64244    -0.64441 0.000669639
           6   -0.644296   -0.644391   0.0005583
           7   -0.645128   -0.644496 0.000488379
           8   -0.648592   -0.645008 0.000641863
           9    -0.64708   -0.645238 0.000610438
          10   -0.648808   -0.645595 0.000645387
          11   -0.649568   -0.645956 0.000680306
          12   -0.644456   -0.645831 0.000634999
          13   -0.642376   -0.645566 0.000639365
          14   -0.650304   -0.645904 0.000677384
          15   -0.648104   -0.646051 0.000647908
          16    -0.64792   -0.646168 0.000617858
          17   -0.644328   -0.646059 0.000590913
          18   -0.645464   -0.646026 0.000559009
          19   -0.647896   -0.646125  0.00053818
          20   -0.645488   -0.646093 0.000512211
           1   -0.664224   -0.664224           0
           2   -0.665944   -0.665084 0.000608112
           3   -0.663776   -0.664648 0.000539524
           4    -0.66136   -0.663826  0.00081884
           5    -0.66292   -0.663645 0.000674823
           6   -0.666368   -0.664099   0.0006985
           7   -0.663024   -0.663945 0.000615355
           8   -0.663904    -0.66394 0.000538457
           9   -0.666376   -0.664211 0.000542407
          10   -0.663752   -0.664165 0.000490102
          11      -0.664    -0.66415 0.000445776
          12   -0.665104   -0.664229 0.000415659
          13   -0.659448   -0.663862 0.000521615
          14   -0.659784    -0.66357 0.000559795
          15   -0.662664    -0.66351 0.000525726
          16   -0.663744   -0.663524 0.000493071
          17   -0.666032   -0.663672 0.000485628
          18   -0.664664   -0.663727 0.000461766
          19   -0.662464   -0.663661 0.000442222
          20   -0.666312   -0.663793 0.000439532
           1   -0.680624   -0.680624           0
           2   -0.683112   -0.681868 0.000879641
           3   -0.685288   -0.683008  0.00110013
           4   -0.681496    -0.68263 0.000887668
           5   -0.678264   -0.681757  0.00105559
           6   -0.684392   -0.682196  0.00096672
           7   -0.681048   -0.682032 0.000842414
           8    -0.67932   -0.681693 0.000802427
           9   -0.684832   -0.682042 0.000785418
          10   -0.685576   -0.682395 0.000782363
          11    -0.68384   -0.682527  0.00072218
          12   -0.681952   -0.682479 0.000663583
          13   -0.682592   -0.682487 0.000612596
          14   -0.682056   -0.682457 0.000569613
          15   -0.685584   -0.682665 0.000568518
          16    -0.67972   -0.682481 0.000561993
          17   -0.681536   -0.682425 0.000531677
          18    -0.68268    -0.68244 0.000502327
          19    -0.68296   -0.682467 0.000476635
          20   -0.682608   -0.682474 0.000452856
           1   -0.705032   -0.705032           0
           2   -0.703128    -0.70408 0.000673166
           3   -0.702928   -0.703696 0.000547453
           4   -0.698544   -0.702408  0.00118861
           5   -0.703072   -0.702541 0.000958277
           6   -0.703312   -0.702669 0.000807139
           7   -0.701688   -0.702529 0.000703902
           8   -0.700264   -0.702246 0.000670447
           9   -0.702792   -0.702307 0.000598692
          10    -0.69704    -0.70178 0.000734826
          11   -0.701176   -0.701725 0.000670072
          12   -0.703504   -0.701873 0.000630418
          13   -0.699504   -0.701691 0.000607699
          14   -0.699928   -0.701565 0.000577193
          15   -0.700512   -0.701495 0.000542967
          16   -0.702144   -0.701535 0.000510545
          17   -0.700984   -0.701503 0.000481542
          18    -0.70168   -0.701513  0.00045489
          19   -0.701992   -0.701538 0.000431647
          20   -0.702064   -0.701564 0.000410865
           1     -0.7196     -0.7196           0
           2   -0.720008   -0.719804  0.00014425
           3   -0.721568   -0.720392 0.000489637
           4   -0.720224    -0.72035 0.000369024
           5   -0.722608   -0.720802 0.000500309
           6    -0.71956   -0.720595 0.000457723
           7    -0.72208   -0.720807 0.000438769
           8   -0.724528   -0.721272 0.000580267
           9   -0.719576   -0.721084 0.000545535
          10    -0.72276   -0.721251 0.000516098
          11   -0.721232   -0.721249 0.000469183
          12   -0.722832   -0.721381 0.000448235
          13   -0.721272   -0.721373 0.000413835
          14    -0.71844   -0.721163 0.000434074
          15   -0.720632   -0.721128 0.000406579
          16   -0.723792   -0.721294 0.000413858
          17     -0.7182   -0.721112 0.000427676
          18   -0.722384   -0.721183 0.000409708
          19    -0.72132    -0.72119 0.000388208
          20   -0.720568   -0.721159 0.000370043
           1    -0.74128    -0.74128           0
           2    -0.73884    -0.74006  0.00086267
           3   -0.736872   -0.738997  0.00104096
           4   -0.744128    -0.74028  0.00135774
           5   -0.740432    -0.74031  0.00108653
           6   -0.739592   -0.740191 0.000912014
           7   -0.739184   -0.740047 0.000792984
           8   -0.740072    -0.74005 0.000693867
           9   -0.740856    -0.74014 0.000622523
          10   -0.739144    -0.74004 0.000568176
          11   -0.741328   -0.740157 0.000528451
          12   -0.740872   -0.740217  0.00048776
          13   -0.738208   -0.740062 0.000474082
          14    -0.73696   -0.739841 0.000489269
          15   -0.743912   -0.740112 0.000526586
          16   -0.741744   -0.740214 0.000503456
          17   -0.739312   -0.740161 0.000476628
          18   -0.735616   -0.739908 0.000512686
          19   -0.742656   -0.740053 0.000505686
          20   -0.742032   -0.740152 0.000489986
           1     -0.7642     -0.7642           0
           2   -0.759352   -0.761776  0.00171403
           3   -0.764144   -0.762565   0.0013119
           4   -0.760008   -0.761926  0.00112902
           5   -0.761504   -0.761842 0.000906361
           6   -0.758168   -0.761229 0.000939613
           7   -0.760424   -0.761114 0.000812395
           8   -0.763352   -0.761394  0.00075747
           9   -0.760408   -0.761284 0.000681184
          10   -0.759648   -0.761121 0.000632417
          11   -0.763992   -0.761382 0.000626478
          12   -0.759392   -0.761216 0.000595812
          13   -0.761384   -0.761229  0.00055012
          14   -0.763872   -0.761418 0.000542254
          15   -0.758104   -0.761197 0.000549264
          16   -0.762424   -0.761273 0.000520263
          17   -0.763056   -0.761378 0.000500113
          18    -0.76364   -0.761504 0.000487857
          19    -0.76148   -0.761503 0.000462182
          20   -0.760264   -0.761441 0.000443204
           1   -0.779624   -0.779624           0
           2    -0.78064   -0.780132  0.00035921
           3   -0.778912   -0.779725 0.000409389
           4   -0.782928   -0.780526 0.000758337
           5   -0.785616   -0.781544  0.00109412
           6   -0.782536   -0.781709 0.000924177
           7   -0.784264   -0.782074 0.000861201
           8   -0.782504   -0.782128 0.000755224
           9   -0.785672   -0.782522 0.000767131
          10    -0.78396   -0.782666 0.000703771
          11   -0.784008   -0.782788 0.000650286
          12   -0.782088   -0.782729 0.000598704
          13    -0.79212   -0.783452 0.000887178
          14   -0.783528   -0.783457 0.000823825
          15   -0.777848   -0.783083 0.000849543
          16   -0.776888   -0.782696 0.000880273
          17     -0.7834   -0.782737 0.000829466
          18    -0.77892   -0.782525 0.000810043
          19   -0.784744   -0.782642  0.00077578
          20   -0.782792    -0.78265 0.000737027
           1    -0.80284    -0.80284           0
           2    -0.80692    -0.80488   0.0014425
           3   -0.803648   -0.804469  0.00101845
           4    -0.80044   -0.803462  0.00115952
           5   -0.803432   -0.803456  0.00092763
           6   -0.806176   -0.803909 0.000876828
           7   -0.811048   -0.804929  0.00120677
           8   -0.804336   -0.804855   0.0010582
           9   -0.805664   -0.804945  0.00094443
          10   -0.802648   -0.804715 0.000877474
          11   -0.801256   -0.804401 0.000852193
          12   -0.803152   -0.804297 0.000787505
          13   -0.807256   -0.804524 0.000759117
          14   -0.806952   -0.804698 0.000724429
          15   -0.803336   -0.804607 0.000681798
          16   -0.806272   -0.804711 0.000647079
          17   -0.801744   -0.804536 0.000632115
          18   -0.802112   -0.804402 0.000611179
          19    -0.80328   -0.804343 0.000581856
          20   -0.809608   -0.804606 0.000609418
           1   -0.825008   -0.825008           0
           2    -0.82812   -0.826564  0.00110026
           3    -0.83188   -0.828336  0.00162214
           4   -0.823632    -0.82716  0.00158662
           5   -0.827776   -0.827283  0.00127407
           6    -0.82472   -0.826856  0.00113108
           7   -0.823656   -0.826399  0.00105785
           8   -0.828896   -0.826711 0.000970582
           9   -0.829568   -0.827028 0.000913178
          10    -0.82432   -0.826758 0.000861089
          11   -0.822592   -0.826379 0.000862067
          12   -0.826848   -0.826418 0.000791113
          13   -0.826064   -0.826391 0.000730727
          14   -0.818944   -0.825859 0.000850369
          15   -0.828936   -0.826064 0.000818048
          16   -0.826928   -0.826118   0.0007687
          17   -0.831832   -0.826454 0.000793572
          18   -0.824816   -0.826363 0.000754685
          19   -0.822608   -0.826165 0.000740391
          20    -0.82256   -0.825985 0.000724986
           1   -0.850104   -0.850104           0
           2    -0.84872   -0.849412 0.000489318
           3   -0.846816   -0.848547 0.000778213
           4   -0.848632   -0.848568 0.000583952
           5   -0.848416   -0.848538 0.000467952
           6   -0.844032   -0.847787 0.000788661
           7   -0.849008   -0.847961 0.000695027
           8    -0.84412   -0.847481 0.000756019
           9   -0.845208   -0.847228 0.000712954
          10   -0.848672   -0.847373  0.00065611
          11   -0.845976   -0.847246 0.000608628
          12   -0.848816   -0.847377 0.000571801
          13   -0.845032   -0.847196 0.000555534
          14   -0.850344   -0.847421 0.000559503
          15   -0.845576   -0.847298 0.000535555
          16   -0.849144   -0.847414 0.000514358
          17   -0.850512   -0.847596 0.000515384
          18   -0.847616   -0.847597 0.000486753
          19   -0.849248   -0.847684 0.000468827
          20    -0.85236   -0.847918 0.000500303
           1   -0.868472   -0.868472           0
           2   -0.867552   -0.868012 0.000325269
           3      -0.878   -0.871341  0.00272702
           4    -0.86928   -0.870826  0.00209339
           5   -0.869448    -0.87055  0.00169276
           6   -0.870056   -0.870468  0.00141264
           7   -0.869744   -0.870365  0.00121461
           8   -0.867824   -0.870047  0.00110352
           9   -0.876128   -0.870723  0.00116961
          10   -0.874536   -0.871104  0.00111308
          11    -0.86692   -0.870724  0.00107491
          12    -0.87032    -0.87069 0.000985864
          13   -0.870872   -0.870704 0.000910127
          14   -0.865496   -0.870332    0.000918
          15    -0.87192   -0.870438 0.000862883
          16   -0.868752   -0.870332 0.000815361
          17    -0.87176   -0.870416  0.00077171
          18   -0.869536   -0.870368 0.000730386
          19     -0.8746    -0.87059 0.000725119
          20    -0.86812   -0.870467 0.000699304
           1   -0.892328   -0.892328           0
           2   -0.891912    -0.89212 0.000147078
           3   -0.885824   -0.890021  0.00171636
           4   -0.899064   -0.892282  0.00234308
           5   -0.891296   -0.892085  0.00188274
           6   -0.885568   -0.890999  0.00185599
           7   -0.890248   -0.890891  0.00159394
           8   -0.895776   -0.891502  0.00150711
           9   -0.897632   -0.892183  0.00148561
          10   -0.892232   -0.892188  0.00133706
          11   -0.892776   -0.892241  0.00121657
          12    -0.89156   -0.892185  0.00111652
          13   -0.889336   -0.891966  0.00105192
          14   -0.894064   -0.892115   0.0009874
          15   -0.889568   -0.891946 0.000936064
          16   -0.890352   -0.891846 0.000882843
          17   -0.886384   -0.891525 0.000887452
          18   -0.891936   -0.891548 0.000838443
          19   -0.895552   -0.891758 0.000820376
          20   -0.893696   -0.891855 0.000785058
           1   -0.913144   -0.913144           0
           2   -0.918336    -0.91574  0.00183565
           3   -0.919848   -0.917109   0.0016576
           4   -0.915952    -0.91682   0.0012682
           5   -0.913056   -0.916067  0.00121766
           6   -0.916432   -0.916128  0.00101624
           7   -0.916376   -0.916163 0.000871677
           8   -0.922472   -0.916952  0.00106106
           9   -0.904664   -0.915587   0.0015958
          10   -0.910192   -0.915047  0.00152468
          11   -0.913192   -0.914879  0.00139537
          12    -0.92288   -0.915545  0.00142955
          13   -0.915944   -0.915576  0.00131992
          14   -0.911856    -0.91531   0.0012521
          15   -0.908096   -0.914829  0.00125761
          16   -0.916232   -0.914917  0.00118206
          17    -0.91436   -0.914884  0.00111298
          18   -0.909016   -0.914558  0.00109786
          19   -0.913384   -0.914496  0.00104181
          20     -0.9146   -0.914502 0.000989735
           1   -0.943016   -0.943016           0
           2   -0.938656   -0.940836  0.00154149
           3    -0.93312   -0.938264  0.00233799
           4   -0.933008    -0.93695  0.00209038
           5   -0.940048    -0.93757  0.00176174
           6   -0.930328   -0.936363  0.00183556
           7   -0.933712   -0.935984  0.00161192
           8   -0.941512   -0.936675  0.00155149
           9   -0.928648   -0.935783  0.00161524
          10   -0.923192   -0.934524  0.00188152
          11   -0.937896   -0.934831  0.00173526
          12   -0.936144    -0.93494  0.00159411
          13      -0.939   -0.935252  0.00150176
          14   -0.939392   -0.935548  0.00142331
          15    -0.94056   -0.935882  0.00136708
          16   -0.937296   -0.935971  0.00128449
          17    -0.93368   -0.935836  0.00121598
          18   -0.937912   -0.935951  0.00115388
          19    -0.93824   -0.936072  0.00109942
          20   -0.934024   -0.935969  0.00104921
           1    -0.96412    -0.96412           0
           2   -0.949728   -0.956924  0.00508834
           3   -0.966736   -0.960195  0.00431726
           4   -0.957072   -0.959414  0.00330777
           5    -0.95016   -0.957563  0.00312135
           6   -0.951816   -0.956605  0.00274417
           7   -0.958544   -0.956882  0.00236608
           8   -0.958712   -0.957111  0.00208134
           9   -0.960992   -0.957542  0.00189423
          10    -0.96192    -0.95798  0.00175466
          11   -0.960624    -0.95822  0.00161153
          12   -0.949656   -0.957507  0.00162762
          13   -0.954992   -0.957313  0.00151387
          14   -0.945008   -0.956434  0.00164117
          15   -0.952136   -0.956148  0.00155658
          16     -0.9516   -0.955863  0.00148501
          17   -0.950672   -0.955558  0.00142872
          18   -0.955376   -0.955548  0.00134938
          19   -0.954064    -0.95547  0.00128062
          20   -0.957232   -0.955558  0.00121961
