           1     1.38881     1.38881           0
           2     1.34217     1.36549   0.0164883
           3     1.35718     1.36272   0.0112227
           4     1.31439     1.35064    0.013429
           5     1.34151     1.34881   0.0108666
           6     1.36772     1.35196  0.00950137
           7     1.34444     1.35089  0.00820463
           8     1.34907     1.35066  0.00718218
           9     1.33695     1.34914  0.00654366
          10     1.36657     1.35088  0.00611707
          11     1.34307     1.35017    0.005602
          12     1.39156     1.35362  0.00610553
          13     1.34584     1.35302  0.00566515
          14     1.38573     1.35536  0.00572208
          15     1.34887     1.35492  0.00535692
          16     1.35321     1.35482  0.00502319
          17     1.38164      1.3564  0.00496933
          18      1.3467     1.35586  0.00472235
          19     1.37554     1.35689  0.00458608
          20     1.33517     1.35581  0.00448357
           1     1.37272     1.37272           0
           2     1.39414     1.38343  0.00757293
           3     1.44193     1.40293   0.0167041
           4     1.44808     1.41422   0.0158904
           5      1.3827     1.40791   0.0139061
           6     1.39854     1.40635    0.011676
           7     1.45599     1.41344   0.0119694
           8     1.47218     1.42078   0.0125243
           9     1.44553     1.42353   0.0114304
          10     1.44696     1.42588   0.0105247
          11     1.38935     1.42256   0.0100782
          12     1.42115     1.42244  0.00923902
          13     1.44889     1.42447  0.00874945
          14     1.44005     1.42559  0.00819492
          15     1.40959     1.42452  0.00771768
          16     1.47209     1.42749    0.007787
          17         1.4     1.42587  0.00749504
          18     1.39201     1.42399  0.00731099
          19     1.43351     1.42449  0.00694332
          20     1.44471     1.42551  0.00666935
           1     1.52195     1.52195           0
           2     1.53412     1.52804  0.00430368
           3      1.5178     1.52462  0.00399869
           4     1.54565     1.52988   0.0054521
           5     1.48795      1.5215  0.00867641
           6     1.52563     1.52219  0.00725763
           7     1.47996     1.51615   0.0083597
           8     1.52821     1.51766  0.00744927
           9     1.50502     1.51626   0.0067526
          10     1.54237     1.51887  0.00656276
          11     1.47454     1.51484  0.00709614
          12     1.51383     1.51475   0.0065053
          13     1.50429     1.51395  0.00605447
          14     1.59267     1.51957  0.00780807
          15     1.53271     1.52045  0.00733647
          16     1.48565     1.51827  0.00719299
          17     1.53688     1.51937  0.00685265
          18     1.42245     1.51398   0.0083226
          19     1.45568     1.51091  0.00843124
          20     1.53659      1.5122  0.00810685
           1     1.56252     1.56252           0
           2     1.61238     1.58745   0.0176295
           3     1.58698      1.5873   0.0117537
           4     1.64768     1.60239   0.0157686
           5     1.56884     1.59568   0.0139701
           6     1.59692     1.59589   0.0116433
           7     1.56806     1.59191    0.010637
           8      1.5783     1.59021  0.00944238
           9     1.62624     1.59422  0.00920275
          10     1.55572     1.59037   0.0090519
          11      1.6473     1.59554  0.00959533
          12     1.58025     1.59427  0.00887991
          13     1.60216     1.59487  0.00821759
          14     1.58026     1.59383  0.00769668
          15     1.55569     1.59129  0.00759189
          16     1.60709     1.59228  0.00718137
          17     1.65165     1.59577   0.0075608
          18     1.57951     1.59487  0.00719449
          19     1.58779     1.59449  0.00682547
          20     1.63795     1.59667   0.0068213
           1     1.71516     1.71516           0
           2     1.65399     1.68457   0.0216265
           3     1.70534     1.69149   0.0154859
           4     1.68025     1.68868   0.0118668
           5     1.68752     1.68845  0.00949574
           6     1.74589     1.69802   0.0117899
           7     1.67923     1.69534   0.0104069
           8      1.6729     1.69253   0.0094764
           9     1.68724     1.69195  0.00844168
          10     1.74205     1.69696  0.00896184
          11     1.63839     1.69163  0.00959922
          12     1.69011     1.69151  0.00880013
          13     1.72414     1.69402  0.00847373
          14     1.73876     1.69721  0.00844982
          15        1.72     1.69873  0.00802185
          16     1.67142     1.69702  0.00769992
          17     1.65663     1.69465  0.00760484
          18     1.64663     1.69198   0.0076359
          19     1.63895     1.68919  0.00772735
          20     1.73602     1.69153   0.0076876
           1     1.84907     1.84907           0
           2     1.79377     1.82142   0.0195533
           3     1.79973     1.81419   0.0143106
           4     1.74738     1.79749   0.0180113
           5     1.83633     1.80526   0.0159971
           6      1.8208     1.80785   0.0135391
           7     1.77344     1.80293   0.0124655
           8     1.77941     1.79999   0.0112487
           9     1.73835     1.79314   0.0119025
          10     1.81003     1.79483   0.0108313
          11      1.7285      1.7888   0.0114024
          12     1.74997     1.78556   0.0109018
          13     1.75947     1.78356   0.0102464
          14     1.87056     1.78977    0.011242
          15     1.84001     1.79312   0.0109802
          16     1.78886     1.79286   0.0102971
          17     1.75835     1.79083   0.0098895
          18     1.78804     1.79067  0.00934129
          19      1.7744     1.78981  0.00888879
          20      1.7244     1.78654   0.0090261
           1     1.96748     1.96748           0
           2     1.79681     1.88215   0.0603387
           3     2.01344     1.92591   0.0538053
           4     1.95736     1.93377   0.0409242
           5     1.87489       1.922   0.0343918
           6     1.94999     1.92666   0.0289745
           7     1.92936     1.92705   0.0248379
           8     1.86003     1.91867   0.0231027
           9     1.87978     1.91435   0.0209359
          10     1.90001     1.91291   0.0188914
          11     1.86207     1.90829   0.0177304
          12     1.92384     1.90959   0.0163001
          13     1.93169     1.91129   0.0151347
          14     1.88806     1.90963   0.0141443
          15     1.91663     1.91009    0.013209
          16     1.94111     1.91203   0.0125249
          17     1.88474     1.91043   0.0118906
          18     1.95296     1.91279   0.0114624
          19      1.8252     1.90818   0.0117498
          20      1.9133     1.90844   0.0111651
           1     2.00697     2.00697           0
           2     1.97538     1.99118   0.0111663
           3     2.01499     1.99911   0.0098698
           4     2.07382     2.01779   0.0177886
           5     2.10873     2.03598   0.0216135
           6     1.96745     2.02456   0.0208111
           7     2.03436     2.02596   0.0178852
           8     2.14454     2.04078   0.0209086
           9     1.99045     2.03519   0.0193187
          10     2.05319     2.03699   0.0174705
          11     2.02801     2.03617   0.0159013
          12     2.15515     2.04609   0.0173946
          13     2.02195     2.04423   0.0161554
          14     1.91663     2.03512   0.0173834
          15     1.98325     2.03166   0.0165649
          16     2.06581     2.03379   0.0156665
          17     2.02998     2.03357   0.0147465
          18     2.10596     2.03759   0.0144653
          19     1.98246     2.03469   0.0139919
          20     2.11481     2.03869    0.013854
           1     2.30287     2.30287           0
           2     2.29719     2.30003  0.00200995
           3     2.19725     2.26577   0.0280059
           4     2.10054     2.22446   0.0414843
           5     2.20072     2.21971   0.0334581
           6      2.0385     2.18951   0.0392111
           7     2.22206     2.19416    0.033884
           8      2.1841      2.1929   0.0296719
           9     2.23913     2.19804   0.0268159
          10     2.11125     2.18936   0.0255001
          11       2.176     2.18814   0.0232108
          12     2.18548     2.18792   0.0212776
          13     2.23925     2.19187   0.0200039
          14     2.25837     2.19662   0.0191307
          15     2.22726     2.19866    0.017964
          16     2.06412     2.19025   0.0187061
          17      2.0833     2.18396   0.0186338
          18     2.15997     2.18263   0.0176462
          19     2.14217      2.1805   0.0168454
          20     2.23496     2.18322   0.0162218
           1     2.28282     2.28282           0
           2       2.331     2.30691   0.0170326
           3     2.32091     2.31158   0.0119775
           4       2.313     2.31193   0.0089884
           5     2.34248     2.31804  0.00903113
           6     2.27194     2.31036    0.010288
           7     2.34867     2.31583   0.0101705
           8     2.29043     2.31266  0.00938171
           9     2.32051     2.31353  0.00837974
          10     2.23874     2.30605   0.0103549
          11     2.43657     2.31791   0.0147174
          12     2.37368     2.32256   0.0142056
          13     2.32969     2.32311   0.0131235
          14     2.51024     2.33648   0.0177314
          15     2.33216     2.33619   0.0165516
          16     2.36522       2.338   0.0156163
          17     2.36022     2.33931   0.0147523
          18     2.33204     2.33891   0.0139382
          19     2.30044     2.33688   0.0133509
          20     2.29873     2.33497   0.0128189
           1     2.57508     2.57508           0
           2     2.53903     2.55706    0.012743
           3     2.55668     2.55693  0.00849595
           4     2.52026     2.54776    0.010181
           5     2.51878     2.54197  0.00965456
           6     2.49949     2.53489   0.0103199
           7     2.47502     2.52633   0.0118719
           8     2.50811     2.52406   0.0106043
           9     2.45281     2.51614    0.012023
          10     2.57808     2.52233   0.0123133
          11     2.49686     2.52002   0.0114095
          12     2.57281     2.52442   0.0112749
          13      2.4778     2.52083   0.0109631
          14      2.5347     2.52182   0.0102247
          15      2.5558     2.52409  0.00979078
          16     2.50111     2.52265  0.00928354
          17     2.58511     2.52633  0.00943659
          18     2.52337     2.52616  0.00891377
          19     2.50658     2.52513  0.00850402
          20     2.64432     2.53109  0.00995022
           1      2.6166      2.6166           0
           2      2.7037     2.66015   0.0307947
           3     2.81752     2.71261   0.0474984
           4     2.75534     2.72329   0.0368059
           5     2.56209     2.69105   0.0412137
           6     2.85073     2.71766    0.042069
           7     2.81586     2.73169   0.0383266
           8     2.98785     2.76371   0.0449637
           9      2.6388     2.74983   0.0420553
          10     2.87253      2.7621   0.0395993
          11     2.70572     2.75698   0.0363295
          12     2.71747     2.75368   0.0334509
          13     2.62069     2.74345   0.0324044
          14     2.65369     2.73704   0.0307175
          15     2.69971     2.73455   0.0287703
          16     2.73283     2.73444   0.0269723
          17     2.69897     2.73236   0.0254663
          18     2.69865     2.73049   0.0241203
          19     2.78179     2.73319   0.0230015
          20     2.82269     2.73766   0.0222825
           1      2.9469      2.9469           0
           2     3.03491      2.9909   0.0311167
           3     2.88856     2.95679   0.0347303
           4     2.93248     2.95071   0.0265741
           5     3.15329     2.99123   0.0420142
           6      3.0377     2.99897   0.0357187
           7     2.78317     2.96814   0.0418567
           8     3.05274     2.97872   0.0379368
           9      3.0502     2.98666    0.034543
          10     3.02718     2.99071   0.0313255
          11     3.00927      2.9924   0.0285231
          12     2.90735     2.98531   0.0270124
          13     2.96281     2.98358   0.0249899
          14     3.08782     2.99103   0.0242888
          15      3.0295     2.99359   0.0228045
          16       2.963     2.99168   0.0214592
          17     2.81711     2.98141   0.0225203
          18     2.96706     2.98061   0.0212832
          19     2.84318     2.97338   0.0213569
          20     3.23223     2.98632    0.023891
           1     3.46905     3.46905           0
           2      3.1589     3.31398    0.109657
           3     3.61137     3.41311    0.109067
           4     3.26883     3.37704    0.087562
           5     3.22166     3.34596   0.0753625
           6     3.26852     3.33306   0.0638978
           7     3.21699     3.31647   0.0568802
           8     3.21298     3.30354   0.0512201
           9     3.23123      3.2955   0.0461548
          10     3.26143      3.2921   0.0416649
          11     3.19756      3.2835   0.0387535
          12     3.16504     3.27363   0.0367599
          13     3.05689     3.25696   0.0375229
          14     3.15675      3.2498   0.0355188
          15     3.27621     3.25156   0.0331945
          16     3.19971     3.24832   0.0312776
          17     3.13172     3.24146   0.0301804
          18     3.24071     3.24142   0.0285038
          19     3.32169     3.24564   0.0273149
          20     3.42612     3.25467   0.0273992
           1     3.38753     3.38753           0
           2     3.70633     3.54693    0.112713
           3     3.52513     3.53967   0.0753758
           4     3.35337     3.49309   0.0694461
           5     3.48857     3.49219   0.0555628
           6     3.48886     3.49163   0.0463051
           7     3.72856     3.52548   0.0505693
           8     3.76691     3.55566   0.0524864
           9      3.5849     3.55891    0.046755
          10     3.59243     3.56226   0.0421996
          11     3.57914     3.56379   0.0383911
          12     3.47839     3.55668   0.0358455
          13     3.37684     3.54284   0.0356576
          14     3.48226     3.53852   0.0333722
          15     3.59419     3.54223   0.0313531
          16      3.6462     3.54873   0.0300594
          17     3.43041     3.54177   0.0290858
          18      3.4915     3.53897   0.0276037
          19     3.56216     3.54019   0.0261778
          20      3.4993     3.53815   0.0249486
           1     3.78907     3.78907           0
           2       4.006     3.89753   0.0766956
           3     3.78126     3.85878    0.060131
           4     3.90381     3.87004   0.0461404
           5     4.00978     3.89798   0.0445806
           6     4.06181     3.92529   0.0447375
           7     3.91124     3.92328   0.0383914
           8     3.99059      3.9317   0.0345021
           9     4.39237     3.98288   0.0571792
          10      3.8334     3.96793   0.0533796
          11     3.90342     3.96207   0.0488481
          12     3.83615     3.95157   0.0458907
          13     3.94988     3.95144   0.0423608
          14     3.85537     3.94458    0.039887
          15     3.84857     3.93818    0.037738
          16     4.00797     3.94254   0.0356306
          17     4.14112     3.95422   0.0353976
          18     3.93025     3.95289   0.0334562
          19      4.2309     3.96752   0.0347479
          20     4.00083     3.96919   0.0330504
           1     4.35517     4.35517           0
           2     4.28309     4.31913   0.0254841
           3     4.79336      4.4772    0.130183
           4     4.35129     4.44573    0.101372
           5     4.07352     4.37129    0.104928
           6      4.4448     4.38354   0.0881529
           7     4.39394     4.38502   0.0755721
           8     4.69689     4.42401    0.075514
           9     4.44118     4.42592   0.0671476
          10     4.44121     4.42745   0.0604503
          11     4.44727     4.42925   0.0549817
          12     4.50721     4.43574   0.0507822
          13     4.25773     4.42205   0.0486872
          14      4.3995     4.42044   0.0452362
          15     4.36754     4.41691   0.0423577
          16     4.09674      4.3969    0.044185
          17     4.52737     4.40458   0.0422472
          18     4.46041     4.40768   0.0400138
          19     4.14678     4.39395    0.040195
          20     4.28513     4.38851   0.0385517
           1     5.10701     5.10701           0
           2     4.87455     4.99078   0.0821843
           3     5.02443       5.002   0.0555498
           4     4.73382     4.93495   0.0714624
           5     4.97859     4.94368   0.0577003
           6     5.23846     4.99281   0.0657536
           7     5.24531     5.02888   0.0655117
           8     5.21073     5.05161   0.0611391
           9     5.25207     5.07389   0.0582618
          10     4.84924     5.05142   0.0566012
          11     4.88707     5.03648   0.0533911
          12     5.18377     5.04875   0.0503329
          13     4.87615     5.03548   0.0481806
          14     5.04963     5.03649   0.0447497
          15     4.70419     5.01433   0.0469307
          16     5.13332     5.02177   0.0445828
          17      4.9611      5.0182   0.0421029
          18     4.93041     5.01332   0.0400454
          19     4.64502     4.99394   0.0423705
          20     4.69724     4.97911   0.0427703
           1     5.31109     5.31109           0
           2     5.35521     5.33315   0.0156001
           3       5.781     5.48244    0.122332
           4     5.75143     5.54969    0.108673
           5     5.59292     5.55833   0.0872815
           6     5.90321     5.61581   0.0896864
           7     5.70758     5.62892   0.0778263
           8     5.92023     5.66533   0.0761414
           9     5.64468     5.66304   0.0677158
          10       5.431     5.63984   0.0647979
          11     5.30191     5.60911   0.0657878
          12     5.30649      5.5839   0.0649595
          13     5.49577     5.57712   0.0603153
          14     5.29339     5.55685   0.0593142
          15     5.58868     5.55897   0.0553979
          16     5.42674     5.55071   0.0525484
          17     5.47288     5.54613   0.0496563
          18     5.56035     5.54692   0.0469039
          19     5.84543     5.56263    0.046993
          20     4.93763     5.53138   0.0540442
           1     6.27674     6.27674           0
           2     6.37568     6.32621   0.0349809
           3      6.0856     6.24601   0.0695141
           4      6.8041     6.38553    0.131598
           5     6.57865     6.42415    0.110802
           6     6.11112     6.37198    0.103895
           7     6.46959     6.38593   0.0899835
           8     6.30319     6.37558   0.0793276
           9      6.3493     6.37266   0.0705672
          10     6.52697     6.38809   0.0651757
          11     6.53198     6.40117    0.060549
          12     7.17282     6.46548   0.0828912
          13     6.50739      6.4687   0.0765777
          14     6.50303     6.47115   0.0711471
          15     6.54986      6.4764   0.0665971
          16     6.62434     6.48565   0.0630734
          17     6.06513     6.46091   0.0640303
          18     6.35678     6.45513   0.0607339
          19     6.39424     6.45192   0.0576218
          20      5.9599     6.42732    0.059762
           1     7.46131     7.46131           0
           2     7.20834     7.33482   0.0894405
           3      8.0277     7.56578     0.19778
           4     7.84264       7.635    0.159988
           5     7.27531     7.56306    0.143254
           6     7.10134     7.48611    0.138514
           7     7.84852     7.53788    0.128037
           8     8.25243      7.6272    0.139756
           9     7.08666     7.56714    0.136525
          10     6.81461     7.49189    0.142107
          11      7.8967     7.52869    0.133868
          12     7.18987     7.50045    0.125655
          13     6.68345     7.43761    0.130765
          14     8.07318       7.483    0.129064
          15     6.73469     7.43312    0.129744
          16     7.93495     7.46448    0.125369
          17     7.92318     7.49146    0.120863
          18     7.48457     7.49108    0.114149
          19     7.17275     7.47433    0.109364
          20     7.08977      7.4551    0.105572
           1     8.40374     8.40374           0
           2     8.19787      8.3008   0.0727859
           3     8.46886     8.35682   0.0666828
           4     8.59476     8.41631   0.0717987
           5     9.04237     8.54152    0.125865
           6     7.83987     8.42458    0.149658
           7     9.09448     8.52028    0.155902
           8     8.30525      8.4934    0.138712
           9     8.81617     8.52927    0.127852
          10     8.04765      8.4811    0.123806
          11     8.79379     8.50953    0.115768
          12     9.41176     8.58472    0.128232
          13     9.54142     8.65831    0.137878
          14     8.56258     8.65147    0.128199
          15     8.04101     8.61077    0.125946
          16     8.20196     8.58522    0.120639
          17      7.9394     8.54723    0.119374
          18     8.57613     8.54884    0.112753
          19     9.22856     8.58461    0.112351
          20     9.16781     8.61377    0.110453
           1     9.92547     9.92547           0
           2      9.6591     9.79228   0.0941741
           3     9.39386     9.65948    0.125302
           4      9.7504     9.68221   0.0960158
           5     9.86339     9.71844   0.0833704
           6     10.7977     9.89832    0.178298
           7      11.271     10.0944     0.23731
           8     10.0252     10.0858    0.207804
           9     10.1099     10.0884    0.184732
          10     9.80695     10.0603     0.16839
          11     9.64437     10.0225    0.157269
          12     9.21074     9.95484    0.158043
          13     11.1302     10.0453     0.16979
          14     10.2232      10.058    0.158137
          15     10.4201     10.0821    0.149427
          16     10.3899     10.1013    0.141321
          17     9.81582     10.0846    0.134002
          18      9.4896     10.0515     0.13057
          19      10.243     10.0616    0.124087
          20     11.1414     10.1156    0.129095
           1      11.529      11.529           0
           2     13.4498     12.4894    0.679105
           3     12.9118     12.6302    0.467106
           4     10.9291     12.2049    0.508294
           5     13.0049     12.3649    0.431081
           6     12.2698     12.3491    0.359525
           7     12.4884      12.369    0.308715
           8     12.3351     12.3647    0.270155
           9     13.6643     12.5091    0.276042
          10      12.333     12.4915    0.248999
          11     11.9821     12.4452    0.230629
          12      12.943     12.4867    0.215108
          13     12.2677     12.4698     0.19922
          14     11.4636      12.398    0.197531
          15     13.1161     12.4458    0.190075
          16     13.0352     12.4827    0.181729
          17     14.3503     12.5925     0.20153
          18     12.4477     12.5845    0.190494
          19     11.7497     12.5405    0.185466
          20     12.3295       12.53    0.176493
           1     15.8531     15.8531           0
           2     13.4101     14.6316    0.863759
           3     14.2856     14.5163    0.583488
           4     13.7046     14.3134    0.471579
           5     14.6778     14.3862    0.382854
           6      13.565     14.2494    0.342637
           7     16.4031      14.557    0.409134
           8     15.2836     14.6479    0.367934
           9      14.149     14.5924    0.331202
          10     14.7989     14.6131    0.298725
          11     15.2411     14.6702    0.276969
          12     15.0526      14.702    0.255715
          13     14.7634     14.7068    0.236089
          14     15.6944     14.7773    0.229522
          15      15.836     14.8479    0.224811
          16     14.4202     14.8211    0.212343
          17     14.3413     14.7929     0.20172
          18     14.8177     14.7943    0.190518
          19     16.3813     14.8778    0.197955
          20     15.5408      14.911    0.190813
           1     20.0328     20.0328           0
           2     18.6083     19.3206    0.503641
           3     21.0559      19.899    0.579487
           4     19.6193     19.8291    0.438813
           5     19.5221     19.7677    0.355319
           6     19.1854     19.6706     0.30907
           7     20.4587     19.7832    0.284684
           8     17.1794     19.4577    0.393374
           9     21.0025     19.6294    0.385297
          10     20.4431     19.7108    0.355257
          11     17.6536     19.5237    0.368916
          12     18.4211     19.4319    0.349429
          13     20.6889     19.5286    0.335663
          14     18.0007     19.4194    0.328949
          15     17.9376     19.3206     0.32151
          16     18.8388     19.2905    0.302823
          17     18.6641     19.2537    0.287243
          18     20.0035     19.2953    0.274289
          19     20.1662     19.3412    0.263655
          20     16.9259     19.2204     0.27675
           1     23.1059     23.1059           0
           2     24.8559     23.9809    0.618731
           3     20.7979     22.9199    0.959505
           4     26.1205       23.72    0.999016
           5      27.637     24.5034     1.06288
           6     19.6069     23.6874     1.15738
           7     23.3781     23.6432    0.992883
           8      26.306      23.976    0.922878
           9     27.2176     24.3362    0.887844
          10     26.8231     24.5849    0.833162
          11     25.7785     24.6934    0.764453
          12     23.6392     24.6055    0.705779
          13     23.1849     24.4963    0.659893
          14     26.7354     24.6562    0.631843
          15     23.3441     24.5687    0.595745
          16     25.1491      24.605    0.559614
          17     22.1969     24.4634    0.544328
          18     26.9728     24.6028    0.531641
          19     26.8654     24.7219    0.516825
          20     26.7475     24.8231     0.50081
           1     32.0323     32.0323           0
           2     36.9945     34.5134      1.7544
           3     39.1104     36.0457      1.7127
           4     35.7753     35.9781     1.28586
           5     33.5843     35.4994     1.11426
           6     33.3608     35.1429    0.983901
           7     34.6853     35.0776    0.845513
           8      38.177      35.465    0.823821
           9     25.7053     34.3806     1.25758
          10     30.0306     33.9456     1.20471
          11      32.949      33.855     1.09859
          12     38.2874     34.2244     1.06733
          13     35.0226     34.2858    0.986995
          14     32.0652     34.1271    0.929153
          15     29.5618     33.8228    0.915702
          16     33.0581      33.775    0.859717
          17     35.5509     33.8795    0.815468
          18     31.1897       33.73    0.783736
          19     33.4458     33.7151     0.74263
          20     33.0676     33.6827    0.706204
           1      49.848      49.848           0
           2     46.1378     47.9929     1.31176
           3     44.6516     46.8791     1.26164
           4     42.6697     45.8268     1.31376
           5     49.9862     46.6586     1.28773
           6     38.3695     45.2771     1.65592
           7     43.7277     45.0558     1.43408
           8      48.052     45.4303      1.3028
           9     37.7177     44.5733     1.41204
          10     33.7537     43.4914     1.63359
          11     45.0797     43.6358     1.49145
          12     46.0291     43.8352     1.38043
          13     46.6292     44.0501     1.29087
          14     46.7712     44.2445     1.21321
          15     48.9866     44.5606     1.17279
          16     46.3997     44.6756     1.10511
          17     43.3404      44.597     1.04289
          18     47.0132     44.7313    0.993556
          19     48.3515     44.9218     0.95936
          20     44.2294     44.8872    0.912017
           1     68.0328     68.0328           0
           2     54.6328     61.3328     4.73758
           3     68.3269     63.6642     3.68767
           4     61.0924     63.0212     2.82124
           5     53.7447     61.1659     2.80138
           6     56.3564     60.3643     2.44648
           7     64.1219     60.9011     2.15507
           8     63.2918        61.2     1.90629
           9     64.0382     61.5153     1.72037
          10     64.9056     61.8543     1.58138
          11     64.3494     62.0812      1.4538
          12     57.2998     61.6827     1.38617
          13      57.882     61.3904     1.31001
          14     51.2686     60.6674     1.40182
          15     55.9188     60.3508     1.34364
          16     56.0649     60.0829     1.28608
          17     55.9844     59.8418     1.23282
          18     58.0661     59.7432     1.16827
          19     56.8056     59.5886     1.11697
          20      60.384     59.6283     1.06183
