           1    0.003912    0.003912           0
           2   -0.002644    0.000634   0.0023179
           3    -0.00508 -0.00127067  0.00219234
           4    0.007172     0.00084  0.00245861
           5    0.006484   0.0019688  0.00221088
           6    0.005516     0.00256  0.00191982
           7     0.00182  0.00245429  0.00164847
           8   -0.004368   0.0016015   0.0016483
           9    -0.00636 0.000716889   0.0016859
          10     0.01668   0.0023132  0.00214374
          11     0.00368  0.00243745  0.00195245
          12   -0.006236  0.00171467  0.00191888
          13   -0.005924  0.00112708  0.00185906
          14    0.004316  0.00135486  0.00174017
          15    0.004672    0.001576  0.00163815
          16   -0.004016   0.0012265   0.0015726
          17    -0.00356 0.000944941  0.00150509
          18     0.00578  0.00121356  0.00144525
          19    0.003864  0.00135305   0.0013759
          20   -0.002296   0.0011706  0.00131914
           1       8e-05       8e-05           0
           2    0.003524    0.001802  0.00121764
           3    0.004148    0.002584  0.00103278
           4   -0.000612    0.001785  0.00103864
           5      0.0114    0.003708  0.00191017
           6     0.00706  0.00426667  0.00167151
           7    0.005648    0.004464  0.00144433
           8    0.004624    0.004484  0.00126392
           9    -0.00098  0.00387689  0.00126089
          10   -0.002844   0.0032048  0.00130166
          11   -0.001512    0.002776  0.00125196
          12    -0.00034  0.00251633  0.00117425
          13    0.010552  0.00313446  0.00123596
          14    -0.00336  0.00267057  0.00123166
          15    0.001556  0.00259627  0.00115179
          16   -0.004848    0.002131     0.00117
          17   -0.002356  0.00186706  0.00113056
          18   -0.005392  0.00146378  0.00113741
          19     0.00318  0.00155411  0.00108112
          20   -0.009772   0.0009878  0.00116599
           1    0.001772    0.001772           0
           2     0.00444    0.003106  0.00094328
           3     0.00572  0.00397733 0.000949529
           4   -0.000156    0.002944  0.00114367
           5   -0.013148  -0.0002744  0.00302053
           6   -0.002972   -0.000724  0.00255035
           7   -0.002828 -0.00102457  0.00220365
           8    0.001468   -0.000713   0.0019501
           9   -0.004164 -0.00109644  0.00177072
          10   -0.001288  -0.0011156  0.00159375
          11    0.006464-0.000426545  0.00159086
          12   -0.003096   -0.000649  0.00147376
          13    0.002436-0.000411692  0.00137937
          14   -0.005844-0.000799714   0.0013343
          15   -0.001888-0.000872267  0.00124732
          16    0.005108  -0.0004985  0.00122408
          17   -0.012924 -0.00122941  0.00135281
          18    0.000648 -0.00112511  0.00128167
          19    0.008676-0.000609263  0.00131393
          20   -0.002204   -0.000689  0.00125065
           1    0.008212    0.008212           0
           2    0.003016    0.005614  0.00183706
           3    0.006744  0.00599067  0.00126273
           4   -0.004548    0.003356  0.00247043
           5   -0.003296   0.0020256  0.00230692
           6    0.001836    0.001994  0.00192265
           7    0.008056     0.00286  0.00183267
           8    0.005332    0.003169  0.00162943
           9    0.003432  0.00319822  0.00144864
          10    -0.00408   0.0024704  0.00147533
          11   -0.006984  0.00161091  0.00157175
          12   -0.006212    0.000959  0.00157016
          13    0.003448  0.00115046    0.001461
          14   -0.001544    0.000958  0.00136926
          15     0.01228   0.0017128  0.00147138
          16    0.005592  0.00195525  0.00139926
          17   -0.003916  0.00160988   0.0013589
          18   -0.003352  0.00133422  0.00131107
          19    0.002064  0.00137263  0.00124263
          20     0.00448    0.001528  0.00119017
           1   -0.001712   -0.001712           0
           2    0.006196    0.002242   0.0027959
           3   -0.003676 0.000269333  0.00246344
           4     0.00384    0.001162  0.00200279
           5    0.000112    0.000952  0.00161321
           6   -0.006304-0.000257333  0.00173954
           7     0.00604 0.000642286  0.00170789
           8   -0.009132  -0.0005795  0.00188133
           9    0.002176-0.000273333  0.00169702
          10   -0.002372  -0.0004832  0.00154024
          11      0.0092 0.000397091  0.00163251
          12   -0.001348 0.000251667  0.00150293
          13    0.007168 0.000783692  0.00147849
          14    0.003224    0.000958  0.00138312
          15    0.002236   0.0010432  0.00129353
          16   -0.004976    0.000667  0.00126621
          17    0.006468  0.00100824  0.00123685
          18    0.000168 0.000961556  0.00116902
          19   -0.008196 0.000479579  0.00120275
          20     7.6e-05   0.0004594  0.00114279
           1   -0.006268   -0.006268           0
           2    0.003044   -0.001612  0.00329229
           3     0.00072-0.000834667  0.00228478
           4     0.00276     6.4e-05  0.00188204
           5      0.0066   0.0013712  0.00190629
           6    0.003408  0.00171067  0.00161852
           7   -0.003484 0.000968571  0.00154811
           8   -0.005776   0.0001255  0.00156744
           9    0.007988 0.000999111  0.00161852
          10    0.004256   0.0013248  0.00148908
          11    0.001188  0.00131236  0.00135376
          12   -0.000812  0.00113533  0.00125247
          13   -0.005592 0.000617846   0.0012585
          14   -0.001744 0.000449143  0.00117986
          15   -0.001908    0.000292  0.00111162
          16   -0.013136 -0.00054725  0.00132151
          17   -0.001544-0.000605882  0.00124507
          18   -0.004088-0.000799333  0.00119083
          19    0.002908-0.000604211  0.00114403
          20    0.009416  -0.0001032   0.0011915
           1   -0.003708   -0.003708           0
           2   -0.012452    -0.00808  0.00309147
           3   -0.001024   -0.005728  0.00281702
           4   -0.007304   -0.006122  0.00214014
           5    0.002876  -0.0043224  0.00234993
           6   -0.002832   -0.004074  0.00197136
           7   -0.001496 -0.00370571  0.00172379
           8     0.00056  -0.0031725  0.00158865
           9   -0.007716 -0.00367733  0.00149019
          10    0.007824  -0.0025272  0.00172895
          11    0.000464 -0.00225527  0.00159301
          12   -0.011348   -0.003013  0.00163054
          13   -0.001912 -0.00292831  0.00150731
          14    0.000304 -0.00269743  0.00141722
          15    0.004976 -0.00218587  0.00141205
          16   -0.002136 -0.00218275   0.0013238
          17     0.00414 -0.00181082  0.00129713
          18    0.002372 -0.00157844   0.0012457
          19     0.00364 -0.00130379  0.00121004
          20   -0.000532  -0.0012652  0.00115015
           1    -0.01306    -0.01306           0
           2    0.001004   -0.006028  0.00497237
           3   -0.000676   -0.004244  0.00362083
           4    0.003176   -0.002389  0.00315522
           5    -5.2e-05  -0.0019216  0.00255856
           6   -0.009124   -0.003122  0.00239725
           7    0.006852 -0.00169714  0.00244179
           8     0.00136   -0.001315  0.00216626
           9   -0.006452 -0.00188578  0.00199935
          10    0.002712   -0.001426  0.00185152
          11    0.003972-0.000935273  0.00174702
          12    0.006596-0.000307667  0.00171046
          13    0.003668-1.84615e-06  0.00160599
          14    0.005528 0.000393143  0.00153909
          15    0.002804 0.000553867  0.00144485
          16   -0.002612    0.000356  0.00136803
          17    0.004196 0.000581882  0.00130607
          18    0.005368 0.000847778  0.00126028
          19    0.013836  0.00153137  0.00136683
          20    0.002456   0.0015776  0.00129927
           1   -0.001872   -0.001872           0
           2   -0.003796   -0.002834 0.000680237
           3   -0.003404   -0.003024 0.000479292
           4     9.2e-05   -0.002245 0.000764427
           5    0.007724  -0.0002512  0.00188525
           6   -0.004136-0.000898667  0.00167855
           7   -0.001284-0.000953714  0.00143966
           8    -0.00046   -0.000892  0.00126102
           9    0.010424 0.000365333  0.00163146
          10    0.002696   0.0005984  0.00148487
          11     0.00666  0.00114945  0.00144853
          12    0.002452    0.001258  0.00133188
          13    -0.01324 0.000142769  0.00163082
          14    0.004216 0.000433714  0.00154006
          15    -0.00618    -7.2e-06  0.00149918
          16    0.001832  0.00010775  0.00140988
          17   -0.000852 5.12941e-05  0.00132808
          18     0.00442    0.000294  0.00127628
          19   -0.002912 0.000125263  0.00122021
          20    0.000848   0.0001614  0.00115973
           1   -0.007876   -0.007876           0
           2   -0.003852   -0.005864   0.0014227
           3    0.009204-0.000841333  0.00420924
           4   -0.004724   -0.001812  0.00326693
           5   -0.000132   -0.001476  0.00263077
           6   -0.008352   -0.002622  0.00242912
           7    0.002812 -0.00184571  0.00220266
           8    0.008716  -0.0005255  0.00228903
           9   -0.009776 -0.00155333  0.00225367
          10    0.003668  -0.0010312  0.00208792
          11    0.005844-0.000406182  0.00198946
          12   -0.005304-0.000814333  0.00186507
          13    0.004012-0.000443077  0.00175816
          14   -0.000172-0.000423714  0.00163269
          15   -0.010984 -0.00112773  0.00166874
          16    0.001912 -0.00093775  0.00157522
          17   -0.009528 -0.00144306  0.00156151
          18    0.018016   -0.000362  0.00181071
          19     0.00204-0.000235579  0.00171982
          20    0.023136    0.000933  0.00199165
           1   -0.032508   -0.032508           0
           2    0.000676   -0.015916   0.0117323
           3    0.005544 -0.00876267  0.00976166
           4    -4.8e-05   -0.006584  0.00756046
           5   -0.000216  -0.0053104  0.00615471
           6    0.009864 -0.00278133  0.00562459
           7    0.011464-0.000746286  0.00517615
           8    0.000128   -0.000637  0.00453029
           9     0.00028-0.000535111  0.00402807
          10   -0.001504   -0.000632  0.00362643
          11     0.00212-0.000381818  0.00330537
          12    0.005564 0.000113667  0.00306683
          13   -0.006804-0.000418462  0.00287672
          14    0.009396 0.000282571  0.00275533
          15    0.003196   0.0004768  0.00257848
          16    -0.00346  0.00023075  0.00242904
          17    0.021436  0.00147812  0.00258668
          18    0.002156  0.00151578  0.00244325
          19    0.006484  0.00177726   0.0023286
          20   -0.016016   0.0008876  0.00237606
           1   -0.008232   -0.008232           0
           2   -0.002644   -0.005438  0.00197566
           3     0.02356    0.004228   0.0080014
           4    0.016928    0.007403  0.00660099
           5   -0.011904   0.0035416  0.00630992
           6   -0.003708  0.00233333  0.00537271
           7   -0.011808 0.000313143  0.00497049
           8   -0.015148  -0.0016195  0.00470995
           9    0.004816-0.000904444  0.00424055
          10    0.014592   0.0006452  0.00408985
          11   -0.013552-0.000645455  0.00391641
          12     0.01142     0.00036  0.00371686
          13   -0.010768   -0.000496  0.00352814
          14    0.004128-0.000165714  0.00329156
          15      0.0038 9.86667e-05  0.00308272
          16   -0.001312    1.05e-05  0.00289131
          17   -0.001712-9.08235e-05  0.00272301
          18   -0.015204-0.000930444  0.00269807
          19    0.005176-0.000609053  0.00257514
          20    0.005832   -0.000287  0.00246644
           1   -0.013604   -0.013604           0
           2   -0.002988   -0.008296  0.00375332
           3    0.001288 -0.00510133  0.00361456
           4    0.005264    -0.00251  0.00351928
           5    0.026816   0.0033552  0.00595374
           6    0.004304  0.00351333  0.00496355
           7   -0.009668  0.00163029  0.00459781
           8    0.015916    0.003416  0.00435607
           9   -0.003028      0.0027  0.00393047
          10    -0.00806    0.001624  0.00368176
          11     0.01348  0.00270182  0.00350127
          12    0.001704  0.00261867  0.00321048
          13     0.00422  0.00274185  0.00296588
          14    0.020056  0.00397857  0.00300082
          15     0.00988    0.004372  0.00282644
          16    0.005836   0.0044635  0.00265127
          17   -0.001592  0.00410729  0.00251913
          18   -0.006888  0.00349644  0.00245212
          19   -0.000936  0.00326316  0.00233413
          20    0.010552   0.0036276   0.0022457
           1    0.013172    0.013172           0
           2   -0.000856    0.006158  0.00495965
           3   -0.003932  0.00279467  0.00429812
           4    0.004244    0.003157  0.00323883
           5    0.008268   0.0041792  0.00274764
           6    0.007036  0.00465533  0.00233059
           7    0.000612  0.00407771  0.00206799
           8    0.010268   0.0048515  0.00194888
           9    0.005704  0.00494622  0.00173464
          10    0.000384     0.00449  0.00162006
          11    0.002664    0.004324  0.00148126
          12    0.002456  0.00416833  0.00136598
          13   -0.002564  0.00365046  0.00135552
          14    0.000592    0.003432  0.00127618
          15   -0.009936   0.0025408   0.0014697
          16    0.006844  0.00280975  0.00140224
          17    0.015784  0.00357294  0.00151326
          18   -0.007008  0.00298511  0.00153913
          19    0.000152    0.002836  0.00146533
          20   -0.007536   0.0023174  0.00148099
           1    0.005112    0.005112           0
           2    -0.00978   -0.002334  0.00526512
           3    0.005144 0.000158667  0.00405745
           4    0.022568    0.005761  0.00572713
           5   -0.006852   0.0032384  0.00510713
           6   -0.004156    0.002006  0.00440213
           7   -0.000996  0.00157714  0.00379408
           8   -0.009564   0.0001845  0.00356627
           9    0.001632 0.000345333  0.00317364
          10    0.020392     0.00235  0.00343149
          11   -0.002592  0.00190073  0.00314881
          12    0.003888  0.00206633  0.00289076
          13     0.01498  0.00305969  0.00283394
          14    -0.01376  0.00185829  0.00287491
          15   -0.009672   0.0010896  0.00278412
          16   -0.001248   0.0009435  0.00261394
          17   -0.002028 0.000768706  0.00246602
          18   -0.008844 0.000234667  0.00238614
          19    0.019756  0.00126211  0.00247188
          20    0.004316   0.0014148    0.002353
           1    0.017256    0.017256           0
           2    0.011636    0.014446  0.00198697
           3   -0.017408    0.003828  0.00877018
           4     0.00086    0.003086  0.00660895
           5    -0.01796  -0.0011232   0.0064906
           6   -0.006984     -0.0021  0.00548184
           7    0.013584 0.000140571  0.00513624
           8   -0.014408   -0.001678  0.00480539
           9     4.8e-05 -0.00148622  0.00427528
          10   -0.002384   -0.001576   0.0038487
          11    0.021228 0.000497091  0.00401854
          12    0.021496    0.002247  0.00404678
          13     0.01458  0.00319569  0.00384508
          14    0.003516  0.00321857   0.0035705
          15   -0.011916   0.0022096   0.0034721
          16    0.003464    0.002288  0.00325598
          17   -0.013376  0.00136659  0.00319217
          18   -0.007252 0.000887778  0.00305052
          19    0.026232  0.00222168  0.00316821
          20   -0.001492    0.002036  0.00301524
           1   -0.009996   -0.009996           0
           2   -0.011524    -0.01076  0.00054023
           3    0.018584-0.000978667  0.00799454
           4   -0.006864    -0.00245   0.0061298
           5    0.010672   0.0001744   0.0054367
           6    0.006448     0.00122  0.00463003
           7     -0.0025 0.000688571  0.00399898
           8    0.007272   0.0015115  0.00358278
           9    -0.01174 3.91111e-05   0.0034741
          10    0.011888    0.001224  0.00332261
          11    0.004644  0.00153491  0.00303506
          12   -0.017988    -9.2e-05  0.00318851
          13    0.003732 0.000202154  0.00295678
          14    0.022412  0.00178857  0.00314247
          15    0.007852   0.0021928  0.00295886
          16   -0.010548   0.0013965  0.00287909
          17     0.00252  0.00146259  0.00271049
          18     0.00492  0.00165467   0.0025667
          19    0.020252  0.00263347  0.00261159
          20     0.00316   0.0026598  0.00248114
           1    0.010392    0.010392           0
           2   -0.009604    0.000394  0.00706965
           3   -0.005976 -0.00172933  0.00502186
           4    0.003884   -0.000326  0.00395761
           5    0.004536   0.0006464  0.00328338
           6   -0.038684 -0.00590867  0.00657981
           7      0.0162 -0.00275029   0.0063528
           8   -0.004384  -0.0029545  0.00556198
           9   -0.007676 -0.00347911  0.00496866
          10    0.008936  -0.0022376   0.0046243
          11   -0.011164 -0.00304909  0.00427452
          12    0.016156 -0.00144867  0.00420727
          13    0.002296 -0.00116062  0.00389348
          14    0.006496-0.000613714  0.00365358
          15    -0.01782  -0.0017608  0.00358556
          16     0.02314  -0.0002045  0.00368377
          17   -0.000376-0.000214588  0.00346709
          18   -0.014584 -0.00101289  0.00336512
          19   -0.010292 -0.00150126  0.00322325
          20    0.008744   -0.000989  0.00310253
           1   -0.024932   -0.024932           0
           2   -0.001552   -0.013242  0.00826608
           3   -0.009848  -0.0121107   0.0055876
           4    0.022472   -0.003465  0.00858036
           5    0.008336  -0.0011048  0.00718157
           6    0.030168  0.00410733  0.00764556
           7    -0.01396  0.00152629  0.00697541
           8   -0.010636       6e-06  0.00626696
           9    -0.01994 -0.00221022  0.00594961
          10   -0.021364  -0.0041256  0.00565456
          11    -0.00668 -0.00435782  0.00514528
          12   -0.008824    -0.00473  0.00472995
          13   -0.015176 -0.00553354  0.00443383
          14    0.025004 -0.00335229  0.00462264
          15     0.02188 -0.00167013  0.00461038
          16   -0.004772   -0.001864   0.0043263
          17   -0.024572 -0.00319976  0.00427305
          18   -0.015488 -0.00388244  0.00408983
          19     0.00174 -0.00358653  0.00388527
          20    0.013616  -0.0027264  0.00378502
           1    0.007648    0.007648           0
           2   -0.016568    -0.00446  0.00856165
           3   -0.009476   -0.006132  0.00586876
           4   -0.032016   -0.012603  0.00712595
           5    0.013736  -0.0073352  0.00739584
           6    0.010416 -0.00437667  0.00672898
           7    0.016952 -0.00132971  0.00642059
           8     0.01428   0.0006215  0.00590707
           9     0.02732    0.003588  0.00594915
          10      0.0023   0.0034592  0.00535563
          11   -0.009856  0.00224873  0.00500368
          12    0.002432    0.002264  0.00458673
          13    0.003492  0.00235846  0.00423488
          14   -0.026468 0.000299429   0.0044046
          15   -0.002884    8.72e-05  0.00411607
          16   -0.016584 -0.00095475  0.00398851
          17   -0.006064 -0.00125529   0.0037652
          18   -0.010788 -0.00178489  0.00359307
          19    0.036368 0.000223158  0.00392518
          20   -0.007148  -0.0001454  0.00374618
           1   -0.041808   -0.041808           0
           2   -0.026216   -0.034012   0.0055126
           3   -0.017812   -0.028612  0.00573987
           4     0.04464   -0.010299   0.0164334
           5    0.008232  -0.0065928   0.0135582
           6   -0.040548   -0.012252   0.0124236
           7    0.014476 -0.00843371   0.0112202
           8   -0.016488  -0.0094405  0.00986274
           9    0.007384 -0.00757111  0.00894229
          10    0.004024  -0.0064116  0.00812289
          11    0.001688 -0.00567527  0.00741774
          12    0.012104 -0.00419367  0.00694599
          13   -0.009028 -0.00456554  0.00642163
          14    -0.04346 -0.00734371  0.00653633
          15     0.00596  -0.0064568  0.00616045
          16   -0.007388   -0.006515   0.0057757
          17    0.009052 -0.00559929  0.00550806
          18    0.007772 -0.00485644  0.00525191
          19    0.038944 -0.00255116  0.00545804
          20   -0.009044  -0.0028758  0.00519479
           1    0.005472    0.005472           0
           2   -0.010588   -0.002558  0.00567807
           3    -0.04814   -0.017752   0.0129705
           4    0.000768   -0.013122   0.0105219
           5    0.006232  -0.0092512  0.00910168
           6   -0.007588   -0.008974  0.00758895
           7   -0.015728 -0.00993886  0.00656586
           8     -0.0067   -0.009534   0.0057576
           9    0.029072 -0.00524444  0.00652291
          10   -0.005804  -0.0053004  0.00587086
          11    -0.04122 -0.00856582  0.00617889
          12   -0.018612   -0.009403  0.00572042
          13     0.02384 -0.00684585  0.00582396
          14    0.005552 -0.00596029  0.00547488
          15   -0.002496 -0.00572933  0.00511475
          16   -0.044276  -0.0081385  0.00533237
          17   -0.007656 -0.00811012  0.00501877
          18   -0.029772 -0.00931356  0.00488211
          19    0.035132 -0.00697432   0.0051552
          20    0.020552   -0.005598  0.00507784
           1    0.001612    0.001612           0
           2    0.048676    0.025144   0.0166396
           3   -0.024212    0.008692   0.0174213
           4    0.036392    0.015617   0.0143766
           5    0.006572    0.013808   0.0116145
           6   -0.006368   0.0104453   0.0101539
           7   -0.023704  0.00556686   0.0098055
           8    0.036476   0.0094305  0.00930994
           9    0.053724    0.014352  0.00948756
          10    0.044728   0.0173896  0.00901196
          11    0.001272   0.0159244  0.00831096
          12    0.066056    0.020102  0.00860453
          13    0.007024    0.019096  0.00800123
          14   -0.008176    0.017148  0.00766318
          15      0.0145   0.0169715  0.00715434
          16   -0.015772    0.014925  0.00699376
          17   -0.027928   0.0124042  0.00702196
          18     -0.0066   0.0113484  0.00671076
          19    0.023124   0.0119682  0.00638611
          20    0.020396   0.0123896   0.0060807
           1   -0.041668   -0.041668           0
           2   -0.005648   -0.023658    0.012735
           3   -0.003868  -0.0170613   0.0100544
           4    0.014176   -0.009252   0.0101293
           5    0.020132  -0.0033752  0.00965894
           6     0.04488  0.00466733   0.0108945
           7   -0.024136 0.000552571   0.0100853
           8   -0.042908    -0.00488   0.0101832
           9   -0.003492 -0.00472578  0.00905293
          10    0.019332    -0.00232  0.00846126
          11   -0.025716 -0.00444691  0.00795489
          12   -0.043192 -0.00767567  0.00792017
          13   -0.057624  -0.0115178  0.00819002
          14     0.03692   -0.008058  0.00830372
          15    0.043952 -0.00459067  0.00844308
          16    0.018568 -0.00314325   0.0080385
          17    -0.00154 -0.00304894   0.0075662
          18    0.047732-0.000227778  0.00765376
          19    0.003248-4.48421e-05  0.00725311
          20   -0.015548    -0.00082  0.00693176
           1   -0.015392   -0.015392           0
           2   -0.062248    -0.03882   0.0165661
           3    0.082064  0.00147467   0.0347046
           4   -0.034468   -0.007511   0.0271669
           5    0.012648  -0.0034792   0.0220306
           6    0.026408    0.001502   0.0189136
           7    0.006064  0.00215371   0.0162229
           8    0.029868    0.005618   0.0145602
           9      0.0204  0.00726044   0.0130347
          10    0.021068   0.0086412   0.0118042
          11    0.051152   0.0125058   0.0113461
          12    0.045684   0.0152707   0.0107321
          13   -0.000708   0.0140415  0.00997673
          14    0.036568   0.0156506  0.00939296
          15   -0.053528   0.0110387  0.00983401
          16    0.000952   0.0104083  0.00923957
          17    0.087408   0.0149376  0.00974321
          18    0.053884   0.0171013  0.00943911
          19   -0.010576   0.0156446  0.00905402
          20    0.003452    0.015035  0.00862182
           1    0.023872    0.023872           0
           2   -0.040424   -0.008276   0.0227321
           3    0.143964   0.0424707   0.0441189
           4    0.046384    0.043449   0.0331001
           5    0.015224    0.037804   0.0269571
           6    0.061272   0.0417153   0.0227462
           7    0.023636   0.0391326   0.0196429
           8   -0.012724   0.0326505   0.0182257
           9    0.096404   0.0397342   0.0175232
          10    0.012624   0.0370232   0.0159792
          11    0.018212   0.0353131   0.0146178
          12   -0.032612   0.0296527   0.0144541
          13    0.140848   0.0382062     0.01567
          14    0.095976   0.0423326   0.0150843
          15    0.073736   0.0444261   0.0142232
          16    0.054808    0.045075    0.013349
          17   -0.027924   0.0407809   0.0132364
          18   -0.046776   0.0359167    0.013365
          19    0.090028   0.0387646   0.0129615
          20   -0.011516   0.0362506   0.0125549
           1   -0.080908   -0.080908           0
           2   -0.143852    -0.11238   0.0222541
           3    0.102424  -0.0407787   0.0603154
           4   -0.151948   -0.068571   0.0512411
           5    0.034088  -0.0480392   0.0449184
           6    0.038736  -0.0335767    0.039692
           7   -0.072248  -0.0391011   0.0344041
           8    0.024004   -0.031213   0.0309947
           9   -0.004244  -0.0282164   0.0276953
          10   -0.028252    -0.02822   0.0249258
          11      0.0046  -0.0252364   0.0228376
          12    0.131512   -0.012174   0.0243857
          13    0.036772 -0.00840892   0.0227986
          14   -0.017448 -0.00905457   0.0211793
          15    0.080136 -0.00310853   0.0205851
          16    0.047388    4.75e-05    0.019539
          17   -0.033772 -0.00194188   0.0184906
          18   -0.082108 -0.00639556   0.0179917
          19    0.154232  0.00205853   0.0189271
          20     0.08662   0.0062866   0.0184469
           1   -0.123992   -0.123992           0
           2   -0.030832   -0.077412    0.032937
           3   -0.221616    -0.12548   0.0449723
           4    0.242636   -0.033451   0.0865428
           5   -0.014176   -0.029596   0.0693201
           6    0.201336  0.00889267   0.0676127
           7   -0.032856  0.00292857   0.0582162
           8   -0.191948   -0.021431   0.0558034
           9   -0.020948  -0.0213773    0.049603
          10    0.042656   -0.014974   0.0450541
          11    0.031456  -0.0107531   0.0411555
          12    0.051004 -0.00560667   0.0380463
          13    0.001216 -0.00508185   0.0351233
          14    0.044784    -0.00152   0.0327946
          15    -0.01206 -0.00222267   0.0306158
          16   -0.008488 -0.00261425   0.0287048
          17   -0.007672 -0.00291176   0.0270179
          18    0.085272  0.00198733   0.0259572
          19   -0.083204 -0.00249642   0.0249753
          20   -0.016832  -0.0032132   0.0237368
           1    0.120936    0.120936           0
           2    0.008868    0.064902    0.039622
           3   -0.329192  -0.0664627    0.110464
           4   -0.005128   -0.051129   0.0839051
           5    0.100948  -0.0207136   0.0724274
           6   -0.035464   -0.023172   0.0603978
           7   -0.125044  -0.0377251   0.0534942
           8    0.319196     0.00689   0.0627107
           9    -0.02988  0.00280444   0.0558758
          10    0.035216   0.0060456   0.0503821
          11   -0.074652 -0.00129055   0.0463329
          12    0.131092  0.00974133   0.0437655
          13   -0.185056 -0.00524308   0.0428875
          14    -0.00718 -0.00538143   0.0398243
          15   -0.058684 -0.00893493   0.0373275
          16    0.104848  -0.0018235   0.0356656
          17   -0.037692 -0.00393341   0.0336299
          18    0.197884  0.00727867   0.0335787
          19    0.014528  0.00766021   0.0318135
          20     0.08876   0.0117152   0.0304802
           1   -0.129328   -0.129328           0
           2    0.031368    -0.04898   0.0568146
           3   -0.170416  -0.0894587    0.050269
           4    0.088396   -0.044995   0.0538905
           5    0.334156   0.0308352    0.080367
           6      0.2728   0.0711627   0.0764236
           7   -0.160344   0.0380903   0.0723088
           8   -0.213548   0.0066355   0.0697771
           9    0.095048   0.0164591   0.0627118
          10    0.231036   0.0379168   0.0599994
          11    0.088608   0.0425251   0.0547216
          12   -0.093104   0.0312227   0.0513154
          13   -0.295812  0.00606615   0.0531781
          14   -0.142532   -0.004548   0.0504278
          15    0.003036  -0.0040424   0.0470685
          16    0.129024  0.00427425   0.0448554
          17   -0.005488      0.0037   0.0422205
          18   -0.256448  -0.0107527   0.0422763
          19      0.1367   -0.002992   0.0407573
          20    -0.11942  -0.0088134    0.039133
