           1     0.20419     0.20419           0
           2    0.197563    0.200876  0.00234294
           3    0.195934    0.199229  0.00206131
           4     0.19813    0.198954   0.0015642
           5    0.195264    0.198216  0.00141481
           6    0.192252    0.197222  0.00148777
           7    0.199038    0.197481  0.00129767
           8    0.198394    0.197595  0.00114046
           9    0.195128    0.197321  0.00104618
          10    0.198687    0.197458 0.000950438
          11     0.19306    0.197058 0.000944385
          12    0.198415    0.197171 0.000872435
          13    0.200246    0.197408 0.000836782
          14    0.196404    0.197336  0.00078008
          15    0.200854    0.197571 0.000762522
          16    0.198146    0.197607 0.000715712
          17    0.197584    0.197605 0.000673613
          18    0.196815    0.197561 0.000637618
          19    0.199264    0.197651  0.00061032
          20    0.204782    0.198007 0.000675987
           1    0.203232    0.203232           0
           2    0.206913    0.205073  0.00130135
           3    0.207738    0.205961  0.00113087
           4    0.204647    0.205633  0.00089457
           5    0.203674    0.205241 0.000796837
           6    0.205427    0.205272 0.000664632
           7    0.203765    0.205057 0.000603543
           8    0.205964     0.20517 0.000538647
           9    0.202494    0.204873 0.000554813
          10    0.204471    0.204832 0.000500781
          11    0.198934    0.204296 0.000684607
          12    0.202213    0.204123 0.000649201
          13     0.20122    0.203899 0.000636504
          14    0.203057    0.203839 0.000593875
          15    0.199177    0.203528 0.000630399
          16    0.204218    0.203571 0.000592469
          17    0.211202     0.20402  0.00070751
          18     0.20203     0.20391 0.000676792
          19    0.206055    0.204023 0.000650525
          20    0.208981    0.204271 0.000663561
           1    0.214955    0.214955           0
           2     0.21598    0.215468  0.00036249
           3    0.210326    0.213754   0.0014201
           4    0.221903    0.215791  0.00206079
           5    0.210911    0.214815  0.00186551
           6    0.207299    0.213562  0.00192984
           7    0.209077    0.212922  0.00175733
           8    0.210445    0.212612  0.00156469
           9    0.215841    0.212971  0.00143137
          10    0.216391    0.213313  0.00132846
          11    0.206661    0.212708  0.00133827
          12    0.207447     0.21227  0.00129656
          13    0.215912     0.21255  0.00122673
          14    0.212582    0.212552  0.00113911
          15    0.213395    0.212608  0.00106455
          16    0.212309     0.21259 0.000998183
          17    0.211619    0.212532 0.000941099
          18    0.209743    0.212378 0.000901485
          19    0.207282    0.212109 0.000893045
          20    0.218728     0.21244 0.000907634
           1    0.214472    0.214472           0
           2    0.215477    0.214975 0.000355159
           3    0.218557    0.216169  0.00100325
           4    0.227568    0.219018  0.00258013
           5    0.219597    0.219134   0.0020667
           6     0.22153    0.219533  0.00176042
           7    0.223169    0.220053  0.00158368
           8     0.22041    0.220097  0.00138635
           9    0.216559    0.219704  0.00128686
          10    0.219078    0.219642  0.00115969
          11    0.212498    0.218992  0.00122265
          12    0.222121    0.219253  0.00114824
          13    0.215517    0.218965  0.00109529
          14    0.216472    0.218787  0.00103143
          15    0.215221     0.21855 0.000989697
          16    0.222551      0.2188 0.000958919
          17    0.222963    0.219045 0.000933256
          18    0.218017    0.218988 0.000883151
          19    0.217507     0.21891   0.0008401
          20    0.219644    0.218946 0.000798896
           1     0.23316     0.23316           0
           2    0.226548    0.229854  0.00233776
           3    0.228888    0.229532  0.00158052
           4    0.226868    0.228866  0.00131828
           5    0.238212    0.230735  0.00197668
           6    0.234177    0.231309  0.00172848
           7    0.225031    0.230412  0.00169831
           8    0.226145    0.229879  0.00156754
           9    0.227705    0.229637  0.00141185
          10     0.23172    0.229845  0.00128593
          11    0.226711     0.22956  0.00120018
          12    0.232643    0.229817  0.00112732
          13    0.224566    0.229413  0.00111061
          14    0.236455    0.229916   0.0011395
          15    0.237807    0.230442  0.00117871
          16    0.226563      0.2302   0.0011297
          17    0.230828    0.230237  0.00106385
          18    0.232247    0.230349  0.00101059
          19    0.224576    0.230045  0.00100203
          20    0.228167    0.229951  0.00095632
           1    0.237691    0.237691           0
           2    0.233011    0.235351  0.00165452
           3    0.235106    0.235269  0.00110503
           4    0.239344    0.236288  0.00121038
           5    0.244156    0.237862  0.00170839
           6    0.239268    0.238096  0.00143965
           7    0.242835    0.238773  0.00138406
           8    0.246702    0.239764  0.00152515
           9    0.239365     0.23972  0.00135633
          10    0.230917    0.238839  0.00147904
          11    0.240953    0.239032  0.00135701
          12    0.243334     0.23939  0.00129042
          13     0.24437    0.239773  0.00124672
          14    0.238009    0.239647  0.00116402
          15     0.24228    0.239823  0.00109958
          16    0.238615    0.239747  0.00103344
          17    0.239745    0.239747 0.000972651
          18    0.238933    0.239702 0.000919666
          19     0.24258    0.239853 0.000883649
          20    0.237888    0.239755 0.000844913
           1    0.249573    0.249573           0
           2    0.245161    0.247367  0.00155981
           3    0.250962    0.248565  0.00142786
           4    0.249461    0.248789  0.00108832
           5    0.247726    0.248577 0.000891203
           6    0.243053    0.247656  0.00112148
           7    0.251197    0.248162  0.00106928
           8    0.247658    0.248099 0.000937474
           9    0.250933    0.248414 0.000884631
          10    0.244426    0.248015 0.000881462
          11    0.255102    0.248659  0.00100971
          12    0.255701    0.249246  0.00108276
          13    0.255193    0.249704  0.00109182
          14    0.248461    0.249615  0.00101743
          15    0.248062    0.249511 0.000954853
          16    0.245082    0.249235  0.00093444
          17    0.248771    0.249207 0.000879872
          18    0.245019    0.248975 0.000861206
          19    0.251017    0.249082 0.000822564
          20    0.250856    0.249171 0.000786203
           1     0.26431     0.26431           0
           2    0.253625    0.258967  0.00377771
           3    0.261264    0.259733  0.00259487
           4    0.257527    0.259181   0.0020039
           5    0.258724     0.25909  0.00160521
           6    0.265682    0.260188  0.00167196
           7    0.260646    0.260254  0.00143439
           8    0.259517    0.260162  0.00125804
           9    0.256871    0.259796   0.0011702
          10    0.260304    0.259847  0.00105428
          11    0.260889    0.259942 0.000962685
          12    0.261306    0.260055 0.000889147
          13    0.261708    0.260182 0.000829786
          14      0.2512    0.259541 0.000987895
          15    0.262616    0.259746 0.000943071
          16    0.261082    0.259829 0.000887817
          17     0.25333    0.259447 0.000914209
          18    0.257055    0.259314 0.000873026
          19    0.258367    0.259264   0.0008285
          20    0.261998    0.259401 0.000798268
           1    0.273583    0.273583           0
           2    0.281002    0.277292  0.00262289
           3    0.275247     0.27661  0.00183509
           4     0.26544    0.273818  0.00278272
           5     0.26866    0.272786  0.00240982
           6    0.270552    0.272414  0.00203676
           7    0.263988     0.27121  0.00207118
           8    0.268899    0.270921  0.00183232
           9    0.269721    0.270788  0.00163358
          10    0.267047    0.270414  0.00151244
          11    0.270062    0.270382  0.00137528
          12    0.270331    0.270378  0.00126068
          13     0.27143    0.270459  0.00116631
          14    0.271732    0.270549  0.00108654
          15    0.270976    0.270578  0.00101448
          16    0.270115    0.270549 0.000951483
          17    0.265187    0.270234 0.000946346
          18    0.270504    0.270249  0.00089389
          19    0.270691    0.270272 0.000847147
          20    0.271512    0.270334 0.000807055
           1    0.276598    0.276598           0
           2    0.285146    0.280872  0.00302195
           3    0.279743    0.280496  0.00203795
           4    0.281128    0.280654  0.00153457
           5    0.277646    0.280052  0.00134041
           6    0.278996    0.279876   0.0011285
           7    0.278837    0.279728 0.000976988
           8    0.278726    0.279602 0.000862845
           9    0.286775    0.280399  0.00107372
          10    0.282964    0.280656 0.000996514
          11    0.278719     0.28048 0.000921352
          12    0.278352    0.280302 0.000861471
          13    0.280471    0.280315 0.000795302
          14    0.285079    0.280656 0.000808015
          15    0.285069     0.28095  0.00080594
          16    0.273507    0.280485 0.000879648
          17    0.279095    0.280403 0.000831696
          18    0.272566    0.279968 0.000892204
          19    0.281937    0.280071 0.000851244
          20    0.286535    0.280394 0.000867863
           1    0.286121    0.286121           0
           2    0.290319     0.28822  0.00148436
           3    0.293944    0.290128  0.00184559
           4    0.300991    0.292844  0.00272895
           5     0.29997    0.294269  0.00252807
           6    0.292381    0.293954  0.00212622
           7     0.29772    0.294492   0.0018893
           8    0.293168    0.294327  0.00166038
           9    0.299824    0.294937  0.00158425
          10    0.292713    0.294715  0.00144136
          11    0.293154    0.294573  0.00131729
          12    0.287954    0.294022  0.00131795
          13    0.301622    0.294606  0.00133999
          14    0.293987    0.294562  0.00124501
          15     0.30496    0.295255  0.00134118
          16    0.287739    0.294785  0.00133709
          17    0.295171    0.294808  0.00125863
          18    0.294192    0.294774  0.00118917
          19    0.288602    0.294449  0.00117011
          20    0.295329    0.294493  0.00111243
           1    0.303423    0.303423           0
           2    0.301392    0.302408 0.000718116
           3    0.300224     0.30168 0.000763227
           4    0.310609    0.303912  0.00201625
           5    0.311118    0.305353  0.00206478
           6    0.305904    0.305445  0.00172269
           7    0.299767    0.304634  0.00165659
           8    0.305122    0.304695  0.00145064
           9    0.310494    0.305339  0.00142537
          10    0.313781    0.306183  0.00151229
          11    0.306838    0.306243  0.00137598
          12    0.305876    0.306212  0.00126166
          13    0.299323    0.305682  0.00127104
          14    0.307702    0.305827  0.00118841
          15    0.295937    0.305167  0.00127905
          16    0.309961    0.305467  0.00123371
          17    0.287072    0.304385  0.00156531
          18    0.306795    0.304519  0.00148406
          19    0.295785    0.304059  0.00147543
          20    0.309448    0.304329  0.00142605
           1    0.319942    0.319942           0
           2    0.328969    0.324455  0.00319163
           3     0.31363    0.320847  0.00363431
           4    0.315594    0.319534  0.00295346
           5    0.319774    0.319582  0.00236316
           6    0.310923    0.318139  0.00236929
           7    0.310405    0.317034   0.0022739
           8     0.31114    0.316297  0.00210563
           9    0.322727    0.317012  0.00198918
          10      0.3361     0.31892  0.00254645
          11    0.317308    0.318774  0.00231917
          12    0.319198    0.318809  0.00212617
          13    0.324827    0.319272  0.00201237
          14    0.313114    0.318832  0.00191611
          15    0.316827    0.318699  0.00179303
          16    0.320067    0.318784    0.001683
          17    0.319696    0.318838  0.00158485
          18    0.324306    0.319142  0.00152565
          19    0.316934    0.319025  0.00144977
          20    0.322177    0.319183  0.00138582
           1    0.325847    0.325847           0
           2    0.334529    0.330188  0.00306951
           3    0.336342    0.332239  0.00264438
           4    0.336383    0.333275  0.00217681
           5    0.335596    0.333739  0.00179025
           6    0.323872    0.332095  0.00211648
           7    0.323801     0.33091  0.00211995
           8    0.327619    0.330499  0.00189444
           9    0.337063    0.331228  0.00181897
          10    0.341597    0.332265   0.0019099
          11    0.319492    0.331104  0.00205921
          12    0.320802    0.330245  0.00205879
          13    0.334853      0.3306  0.00193069
          14    0.334665     0.33089  0.00181449
          15    0.333238    0.331047  0.00170026
          16    0.331998    0.331106  0.00159503
          17    0.332965    0.331215  0.00150495
          18    0.322593    0.330736  0.00149565
          19    0.338227    0.331131  0.00146797
          20    0.334048    0.331277   0.0014018
           1    0.344656    0.344656           0
           2    0.347157    0.345906 0.000884445
           3    0.350117     0.34731  0.00128872
           4    0.354896    0.349207  0.00190582
           5    0.336676      0.3467  0.00271092
           6    0.349182    0.347114  0.00229043
           7    0.338611    0.345899  0.00226249
           8    0.345309    0.345826  0.00198088
           9    0.343132    0.345526  0.00178324
          10    0.350008    0.345974  0.00166027
          11    0.350958    0.346427  0.00156993
          12    0.338196    0.345742  0.00158188
          13    0.337177    0.345083  0.00159147
          14    0.337687    0.344554  0.00156301
          15    0.345134    0.344593  0.00145929
          16    0.336738    0.344102  0.00144831
          17    0.342054    0.343982  0.00136811
          18     0.34324     0.34394  0.00129273
          19    0.336636    0.343556  0.00128058
          20    0.348685    0.343813  0.00124197
           1    0.352648    0.352648           0
           2    0.355211    0.353929 0.000906353
           3    0.358988    0.355616  0.00150359
           4    0.369154       0.359  0.00314063
           5    0.361291    0.359459  0.00254571
           6    0.364619    0.360319  0.00226203
           7    0.346639    0.358364  0.00265196
           8    0.362971     0.35894  0.00238216
           9    0.374394    0.360657  0.00266546
          10    0.363571    0.360949  0.00241479
          11    0.359834    0.360847  0.00219739
          12    0.353757    0.360256   0.0020922
          13    0.359199    0.360175  0.00193284
          14    0.354231     0.35975  0.00184083
          15    0.356709    0.359548  0.00172924
          16    0.341506     0.35842  0.00195453
          17     0.36768    0.358965  0.00191396
          18     0.35626    0.358815  0.00181352
          19    0.359578    0.358855  0.00171852
          20    0.349394    0.358382  0.00169645
           1    0.372698    0.372698           0
           2    0.372664    0.372681 1.19713e-05
           3    0.379407    0.374923  0.00183065
           4    0.369989    0.373689  0.00173958
           5    0.354006    0.369753  0.00378602
           6    0.356952    0.367619  0.00370768
           7    0.365629    0.367335   0.0031889
           8    0.366673    0.367252  0.00279136
           9    0.358878    0.366322  0.00263172
          10    0.375432    0.367233  0.00252129
          11    0.366732    0.367187  0.00229249
          12    0.373868    0.367744  0.00216799
          13    0.363544    0.367421  0.00202515
          14    0.367075    0.367396  0.00188064
          15    0.356073    0.366641  0.00190075
          16    0.358242    0.366116  0.00185303
          17    0.367118    0.366175  0.00174496
          18    0.380084    0.366948  0.00181104
          19    0.375651    0.367406  0.00177271
          20    0.359097    0.366991  0.00173207
           1    0.382498    0.382498           0
           2    0.375802     0.37915  0.00236732
           3    0.378788     0.37903  0.00158129
           4    0.387211    0.381075  0.00213161
           5    0.377618    0.380384  0.00181393
           6    0.386634    0.381425  0.00178587
           7    0.384098    0.381807  0.00157103
           8    0.394825    0.383434  0.00205102
           9    0.381806    0.383253   0.0018311
          10    0.376119     0.38254  0.00178155
          11    0.383863     0.38266  0.00162364
          12    0.379616    0.382407  0.00150803
          13    0.393234    0.383239  0.00160563
          14    0.367607    0.382123  0.00183867
          15    0.380869    0.382039  0.00171799
          16    0.380173    0.381923  0.00161457
          17     0.39467    0.382672  0.00168476
          18    0.386942     0.38291  0.00160777
          19    0.368788    0.382166  0.00168623
          20    0.384516    0.382284    0.001606
           1    0.402083    0.402083           0
           2    0.392093    0.397088  0.00353203
           3    0.427958    0.407378  0.00872556
           4    0.402669    0.406201   0.0066231
           5    0.386364    0.402233  0.00637699
           6    0.400812    0.401996  0.00531856
           7    0.377791    0.398538  0.00557053
           8    0.390399    0.397521  0.00496626
           9    0.382459    0.395847  0.00468797
          10    0.401616    0.396424  0.00425452
          11    0.394622     0.39626   0.0038709
          12    0.380389    0.394938   0.0037675
          13    0.398055    0.395178  0.00348532
          14    0.379827    0.394081  0.00340448
          15    0.390912     0.39387  0.00318406
          16    0.384305    0.393272  0.00304066
          17    0.401321    0.393746  0.00289842
          18    0.399421    0.394061   0.0027545
          19    0.403392    0.394552  0.00265295
          20    0.400648    0.394857  0.00253775
           1    0.402821    0.402821           0
           2    0.415155    0.408988  0.00436086
           3    0.427689    0.415222  0.00586145
           4    0.416693    0.415589  0.00440761
           5     0.42927    0.418326  0.00429217
           6    0.398403    0.415005  0.00468839
           7    0.395115    0.412164  0.00480308
           8    0.410485    0.411954  0.00420728
           9    0.414138    0.412197   0.0037468
          10    0.425255    0.413503  0.00359246
          11    0.406211     0.41284  0.00332646
          12    0.428272    0.414126  0.00328847
          13    0.409774    0.413791   0.0030525
          14    0.401721    0.412929   0.0029537
          15    0.393711    0.411648  0.00302189
          16     0.41161    0.411645  0.00283302
          17     0.41341    0.411749  0.00266828
          18    0.408409    0.411564  0.00252648
          19    0.398454    0.410874  0.00248594
          20     0.41574    0.411117  0.00237353
           1    0.408046    0.408046           0
           2    0.418891    0.413469  0.00383429
           3    0.421797    0.416245  0.00341652
           4    0.434528    0.420816   0.0047154
           5    0.436815    0.424015  0.00473516
           6    0.418552    0.423105  0.00403256
           7    0.425495    0.423446  0.00347091
           8    0.422126    0.423281  0.00304096
           9    0.418776    0.422781  0.00274398
          10    0.414394    0.421942  0.00259459
          11    0.414275    0.421245  0.00245054
          12     0.41355    0.420604  0.00232873
          13     0.42496    0.420939  0.00217358
          14    0.436178    0.422027  0.00227462
          15    0.421356    0.421983  0.00212342
          16    0.418746     0.42178  0.00200032
          17    0.421677    0.421774  0.00188266
          18    0.438602    0.422709  0.00199672
          19     0.42725    0.422948  0.00190589
          20    0.412957    0.422449  0.00187493
           1    0.440422    0.440422           0
           2    0.425143    0.432783  0.00540199
           3    0.422264    0.429276  0.00460063
           4    0.434087    0.430479  0.00360424
           5    0.438062    0.431995  0.00318656
           6    0.427309    0.431214  0.00274952
           7    0.448358    0.433663  0.00327036
           8     0.43214    0.433473   0.0028671
           9     0.43028    0.433118  0.00257039
          10    0.426619    0.432468   0.0023941
          11    0.431101    0.432344  0.00217968
          12    0.444727    0.433376  0.00222896
          13    0.410486    0.431615  0.00266368
          14    0.429103    0.431436  0.00247946
          15    0.423402      0.4309   0.0023713
          16    0.441205    0.431544   0.0023089
          17    0.417381    0.430711  0.00231854
          18     0.42675    0.430491  0.00220015
          19    0.459748    0.432031  0.00256727
          20     0.43553    0.432206  0.00244486
           1    0.423798    0.423798           0
           2    0.434614    0.429206  0.00382403
           3     0.42782    0.428744  0.00257711
           4    0.437479    0.430928  0.00270414
           5    0.448774    0.434497  0.00385633
           6     0.43332    0.434301   0.0032186
           7    0.431221    0.433861  0.00278871
           8    0.435225    0.434032  0.00244532
           9    0.438593    0.434538  0.00222552
          10    0.446461    0.435731  0.00230027
          11    0.443083    0.436399   0.0021861
          12    0.444779    0.437097  0.00211253
          13    0.432898    0.436774  0.00197457
          14    0.453392    0.437961  0.00216104
          15    0.422661    0.436941  0.00224482
          16    0.407962     0.43513  0.00273943
          17    0.451842    0.436113  0.00274902
          18    0.427577    0.435639  0.00263689
          19    0.433904    0.435548  0.00249968
          20     0.44325    0.435933  0.00240418
           1    0.428327    0.428327           0
           2    0.429286    0.428806 0.000339256
           3    0.429707    0.429107 0.000333505
           4    0.441817    0.432284  0.00276312
           5    0.430971    0.432022  0.00222294
           6     0.44916    0.434878  0.00319856
           7    0.451393    0.437237   0.0035054
           8    0.434551    0.436901  0.00308326
           9    0.443968    0.437687  0.00283888
          10    0.441394    0.438057  0.00257909
          11    0.445852    0.438766  0.00244003
          12    0.445463    0.439324  0.00229964
          13    0.441691    0.439506  0.00212993
          14    0.475029    0.442043  0.00314482
          15    0.449715    0.442555  0.00297646
          16    0.443748    0.442629  0.00279137
          17    0.458708    0.443575  0.00278278
          18     0.44139    0.443454  0.00263083
          19    0.434109    0.442962  0.00253792
          20    0.434702    0.442549   0.0024444
           1    0.479074    0.479074           0
           2    0.405559    0.442317   0.0259914
           3     0.43567    0.440101   0.0174217
           4    0.398229    0.429633   0.0159033
           5    0.432566     0.43022   0.0127335
           6     0.43163    0.430455   0.0106134
           7    0.453161    0.433699  0.00958004
           8    0.445124    0.435127  0.00848832
           9    0.444731    0.436194  0.00761195
          10    0.461725    0.438747  0.00726631
          11     0.46096    0.440766  0.00688062
          12    0.456728    0.442096  0.00643452
          13    0.429372    0.441118  0.00601354
          14    0.436691    0.440801  0.00559231
          15    0.454721    0.441729  0.00529592
          16    0.408318    0.439641  0.00536085
          17    0.419167    0.438437  0.00517902
          18    0.444868    0.438794  0.00490361
          19    0.459318    0.439874  0.00476302
          20    0.434715    0.439616  0.00453185
           1    0.465485    0.465485           0
           2    0.443613    0.454549  0.00773285
           3    0.439396    0.449498  0.00660196
           4    0.453429    0.450481   0.0050241
           5    0.431674    0.446719  0.00524143
           6    0.457244    0.448474  0.00465213
           7    0.459642    0.450069  0.00425235
           8    0.404841    0.444416  0.00646613
           9    0.439329     0.44385  0.00577232
          10    0.414114    0.440877  0.00591161
          11    0.425567    0.439485   0.0055356
          12    0.420727    0.437922  0.00529041
          13    0.462837    0.439838  0.00521908
          14    0.440167    0.439862  0.00484634
          15    0.399359    0.437162  0.00522155
          16     0.43499    0.437026  0.00489697
          17    0.458178     0.43827  0.00476436
          18    0.447654    0.438792   0.0045281
          19    0.436476     0.43867  0.00429142
          20    0.417307    0.437602  0.00420768
           1    0.384688    0.384688           0
           2    0.445929    0.415308    0.021652
           3    0.381714     0.40411   0.0170868
           4    0.421364    0.408424   0.0133484
           5    0.501592    0.427057   0.0197941
           6    0.396771     0.42201   0.0171266
           7    0.418345    0.421486   0.0146879
           8    0.426783    0.422148   0.0128668
           9    0.433909    0.423455   0.0115034
          10    0.451932    0.426303   0.0106997
          11     0.46243    0.429587   0.0102186
          12    0.402886    0.427362  0.00960628
          13    0.407367    0.425824  0.00898963
          14    0.450804    0.427608  0.00852275
          15    0.407312    0.426255  0.00806127
          16    0.449342    0.427698   0.0076855
          17    0.401262    0.426143  0.00738906
          18    0.448613    0.427391  0.00708323
          19    0.443826    0.428256  0.00676303
          20    0.462165    0.429952    0.006634
           1    0.426078    0.426078           0
           2     0.47153    0.448804     0.01607
           3    0.461176    0.452928     0.01123
           4    0.464617     0.45585  0.00879452
           5    0.474937    0.459668  0.00782037
           6    0.429149    0.454581  0.00800192
           7    0.431298    0.451255  0.00751838
           8    0.435461    0.449281  0.00683287
           9    0.403807    0.444228  0.00771895
          10    0.412303    0.441036  0.00757854
          11    0.412825    0.438471  0.00731066
          12    0.436491    0.438306   0.0067033
          13    0.451052    0.439286  0.00625895
          14    0.428714    0.438531  0.00585726
          15    0.416158     0.43704   0.0056535
          16     0.42587    0.436342  0.00534309
          17    0.440449    0.436583  0.00503424
          18    0.419786     0.43565  0.00484028
          19    0.415099    0.434568  0.00470483
          20    0.454092    0.435545  0.00456974
           1    0.417359    0.417359           0
           2    0.407482    0.412421  0.00349183
           3    0.440092    0.421645  0.00788287
           4    0.418454    0.420847  0.00595236
           5    0.420622    0.420802  0.00476206
           6    0.412652    0.419444  0.00415761
           7     0.45122    0.423983   0.0055102
           8    0.436794    0.425584  0.00504875
           9    0.413346    0.424225   0.0046673
          10     0.40614    0.422416  0.00453742
          11    0.393652    0.419801  0.00481988
          12    0.416602    0.419535   0.0044256
          13    0.435817    0.420787  0.00425871
          14     0.38866    0.418492   0.0045308
          15    0.409379    0.417885  0.00426929
          16    0.449473    0.419859  0.00443553
          17    0.378808    0.417444  0.00478701
          18     0.41935     0.41755  0.00452224
          19    0.446059    0.419051  0.00452631
          20    0.425573    0.419377  0.00431172
           1    0.383098    0.383098           0
           2    0.422203    0.402651   0.0138254
           3    0.327627    0.377643   0.0224026
           4    0.411356    0.386071   0.0183189
           5    0.382806    0.385418   0.0146668
           6    0.392817    0.386651    0.012274
           7    0.449025    0.395562   0.0133693
           8    0.394939    0.395484   0.0116984
           9    0.372413     0.39292   0.0106757
          10    0.355887    0.389217   0.0102303
          11    0.373569    0.387794   0.0093987
          12    0.456443    0.393515   0.0102091
          13    0.387471     0.39305  0.00943438
          14    0.446499    0.396868  0.00950161
          15    0.377798    0.395597  0.00895282
          16     0.41317    0.396695  0.00846037
          17    0.394583    0.396571  0.00796362
          18    0.400142    0.396769  0.00752366
          19    0.398698    0.396871  0.00712837
          20    0.389927    0.396524   0.0067804
