                   0                   0                   0
            0.064633                   0                   0
            0.129266                   0                   0
            0.193899                   0                   0
            0.258532                   0                   0
            0.323165                   0                   0
            0.387798                   0                   0
            0.452431                   0                   0
            0.517064                   0                   0
            0.581697                   0                   0
             0.64633                   0                   0
            0.710963                   0                   0
            0.775596                   0                   0
             0.84023                   0          0.00057927
            0.904863            0.110544          0.00687677
            0.969496             1.25269            0.026449
             1.03413             2.16329           0.0385643
             1.09876              2.2724           0.0391086
             1.16339              1.9129           0.0391255
             1.22803             1.34149           0.0324255
             1.29266             1.60156           0.0285665
             1.35729              1.8905           0.0262593
             1.42193             1.52852           0.0216108
             1.48656             1.34431           0.0226421
             1.55119             1.38283           0.0231389
             1.61583             1.37169           0.0212409
             1.68046             1.61673           0.0201848
             1.74509             1.25753           0.0171892
             1.80973             1.35668           0.0192067
             1.87436             1.35306           0.0192823
             1.93899             1.22825           0.0166947
             2.00362             1.22422            0.015907
             2.06826            0.970554           0.0124658
             2.13289             1.05937           0.0137838
             2.19752             1.17181           0.0120182
             2.26216             1.10075           0.0137738
             2.32679             1.15826           0.0127734
             2.39142             1.18371            0.013489
             2.45606             1.07147           0.0138315
             2.52069             1.17189           0.0112655
             2.58532             1.05604           0.0125512
             2.64995             1.05019           0.0121869
             2.71459             1.05967           0.0123623
             2.77922             1.13836           0.0106832
             2.84385             1.24052           0.0114198
             2.90849             1.06696           0.0110357
             2.97312             1.11531           0.0103617
             3.03775             1.04717          0.00995916
             3.10239             1.13488           0.0108887
             3.16702             1.13235          0.00981564
             3.23165             1.06684           0.0100005
             3.29629             1.01561          0.00981608
             3.36092             1.08271          0.00948165
             3.42555            0.969014            0.010139
             3.49018            0.896774          0.00888363
             3.55482            0.860887          0.00872994
             3.61945            0.807192           0.0082875
             3.68408            0.926114          0.00935556
             3.74872            0.939824          0.00855073
             3.81335             1.03732          0.00757773
             3.87798            0.932694           0.0074144
             3.94262            0.935222          0.00697176
             4.00725            0.993169          0.00682314
             4.07188             1.01844          0.00715307
             4.13651            0.978135          0.00599915
             4.20115            0.887815           0.0077084
             4.26578            0.845295          0.00782741
             4.33041            0.946118          0.00776616
             4.39505             1.02452          0.00690809
             4.45968            0.868495          0.00667522
             4.52431            0.824705          0.00692914
             4.58895            0.883257          0.00617884
             4.65358            0.878996           0.0059838
             4.71821             1.01487          0.00687073
             4.78285              0.9291          0.00628355
             4.84748            0.995651          0.00609878
             4.91211            0.931797           0.0064113
             4.97674            0.940528          0.00605612
             5.04138            0.869777           0.0056491
             5.10601            0.975581          0.00564303
             5.17064            0.972449          0.00518297
             5.23528            0.953596          0.00623203
             5.29991            0.982711          0.00573173
             5.36454             1.00292          0.00611849
             5.42918            0.998276          0.00557969
             5.49381            0.984454          0.00571094
             5.55844            0.919559          0.00524552
             5.62307             1.01492          0.00527867
             5.68771            0.971023          0.00504176
             5.75234            0.997619          0.00479125
             5.81697            0.990168          0.00455936
             5.88161            0.961016          0.00471575
             5.94624             0.95839          0.00406839
             6.01087            0.987857          0.00463625
             6.07551            0.969432          0.00446177
             6.14014            0.962737          0.00463483
             6.20477             1.00196          0.00484178
              6.2694            0.952651           0.0044075
             6.33404            0.980649          0.00495394
             6.39867            0.982669          0.00438716
