                   1         1.403810895         1.403810895                   0
                   2         1.403754093         1.403782494     2.008256146e-05
                   3          1.40383036         1.403798449     1.868053175e-05
                   4         1.403705762         1.403775278     2.447428064e-05
                   5         1.403668641          1.40375395     2.733569426e-05
                   6         1.403668623         1.403739729      2.62193472e-05
                   7         1.403720671         1.403737006     2.261463181e-05
                   8         1.403835864         1.403749364     2.291655801e-05
                   9         1.403848094         1.403760334     2.284551263e-05
                  10         1.403814582         1.403765758     2.119526994e-05
                  11         1.403793863         1.403768313     1.942180445e-05
                  12         1.403887877         1.403778277      2.01979922e-05
                  13         1.403966148         1.403792729     2.324638237e-05
                  14         1.403951012         1.403804035     2.417946127e-05
                  15         1.403852733         1.403807281     2.278441082e-05
                  16         1.403803348         1.403807035     2.136171144e-05
                  17         1.403728374         1.403802408     2.060018161e-05
                  18          1.40360588          1.40379149     2.216102387e-05
                  19         1.403470278         1.403774584     2.667475569e-05
                  20         1.403472069         1.403759458     2.931751112e-05
                  21         1.403329644         1.403738991     3.433032892e-05
                  22          1.40336579         1.403722027     3.672260498e-05
                  23         1.403655783         1.403719147     3.523873585e-05
                  24         1.403672445         1.403717201     3.382414084e-05
                  25         1.403731823         1.403717786     3.247623163e-05
                  26         1.403748693         1.403718975     3.124889341e-05
                  27         1.403780805         1.403721265     3.017531882e-05
                  28          1.40390959         1.403727991     2.983779544e-05
                  29         1.403905631         1.403734116     2.943095616e-05
                  30         1.403901609         1.403739699     2.897464589e-05
                  31         1.403805968         1.403741837     2.811872731e-05
                  32         1.403872427         1.403745918     2.753456249e-05
                  33         1.403810853         1.403747886     2.677040142e-05
                  34         1.403901898         1.403752415     2.636348853e-05
                  35         1.403824751         1.403754482     2.569112765e-05
                  36         1.403847882         1.403757077     2.510814267e-05
                  37         1.403754901         1.403757018     2.442961314e-05
                  38         1.403705374         1.403755659     2.382450179e-05
                  39          1.40365874         1.403753174     2.334286624e-05
                  40         1.403554593         1.403748209     2.328122883e-05
                  41         1.403570996         1.403743887     2.311113745e-05
                  42         1.403615827         1.403740838     2.276111255e-05
                  43         1.403657776         1.403738906     2.231360132e-05
                  44         1.403673979         1.403737431     2.185521134e-05
                  45         1.403678791         1.403736127     2.140835342e-05
                  46          1.40379159         1.403737333     2.097687957e-05
                  47         1.403868479         1.403740123     2.071531653e-05
                  48          1.40378739         1.403741108     2.030713922e-05
                  49          1.40374191         1.403741125     1.989271431e-05
                  50          1.40377971         1.403741896     1.950982341e-05
                  51          1.40371447         1.403741358     1.913468834e-05
                  52         1.403697794         1.403740521     1.878504509e-05
                  53         1.403791078         1.403741475     1.845481388e-05
                  54         1.403689853         1.403740519     1.813780003e-05
                  55         1.403579272         1.403737587     1.804340657e-05
                  56          1.40352951         1.403733871     1.809973894e-05
                  57          1.40350015         1.403729771     1.824074215e-05
                  58         1.403588297         1.403727332     1.808859977e-05
                  59         1.403621443         1.403725537     1.787082701e-05
                  60          1.40363542         1.403724035     1.763598268e-05
                  61         1.403674064         1.403723216     1.736588413e-05
                  62         1.403694083         1.403722746     1.709214504e-05
                  63         1.403868422         1.403725058     1.697653172e-05
                  64         1.403821522         1.403726565     1.677804911e-05
                  65         1.403843064         1.403728358     1.661537874e-05
                  66         1.403781954          1.40372917     1.638346271e-05
                  67         1.403802368         1.403730262     1.617531878e-05
                  68         1.403773894         1.403730904     1.595016784e-05
                  69         1.403848113         1.403732603     1.580920069e-05
                  70         1.403862058         1.403734452     1.569115067e-05
                  71         1.403836548          1.40373589     1.553589833e-05
                  72         1.403832028         1.403737225     1.537739531e-05
                  73         1.403816201         1.403738307     1.520475522e-05
                  74         1.403905804         1.403740571     1.516682622e-05
                  75         1.403830371         1.403741768     1.501178912e-05
                  76         1.403892654         1.403743753      1.49449712e-05
                  77         1.403827558         1.403744842     1.479045846e-05
                  78         1.403786348         1.403745374     1.461040672e-05
                  79         1.403705733         1.403744872     1.443407882e-05
                  80         1.403856819         1.403746271     1.432132261e-05
                  81          1.40382891         1.403747292     1.418080918e-05
                  82         1.403823775         1.403748224     1.403851314e-05
                  83         1.403828329         1.403749189     1.390251015e-05
                  84         1.403846134         1.403750343     1.378482367e-05
                  85         1.403847117         1.403751482     1.366958462e-05
                  86         1.403714783         1.403751055     1.351729504e-05
                  87         1.403710247         1.403750586     1.337005992e-05
                  88         1.403737344         1.403750436     1.321897422e-05
                  89         1.403722953         1.403750127     1.307405264e-05
                  90         1.403761766         1.403750256       1.2929425e-05
                  91         1.403775289         1.403750531     1.279026942e-05
                  92         1.403824463         1.403751335     1.267646466e-05
                  93         1.403859086         1.403752494     1.259299579e-05
                  94         1.403893436         1.403753993     1.254797309e-05
                  95          1.40373947          1.40375384     1.241682049e-05
                  96         1.403787026         1.403754186     1.229228992e-05
                  97         1.403649341         1.403753105     1.221299401e-05
                  98         1.403653473         1.403752088     1.213061262e-05
                  99         1.403767299         1.403752242     1.200905422e-05
                 100         1.403667959         1.403751399     1.191850326e-05
