                   1             1.70949             1.70949                   0
                   2             1.76388             1.73668           0.0192269
                   3             1.76459             1.74599           0.0148991
                   4             1.73248             1.74261           0.0115505
                   5             1.75256              1.7446          0.00941025
                   6             1.80261             1.75427           0.0118064
                   7             1.80165             1.76104            0.011903
                   8             1.78837             1.76445           0.0108943
                   9             1.75209             1.76308           0.0097701
                  10              1.7326             1.76003          0.00925625
                  11             1.77135             1.76106          0.00847179
                  12             1.80016             1.76432          0.00836888
                  13             1.79817             1.76692          0.00812004
                  14             1.81773             1.77055          0.00831161
                  15             1.78345             1.77141          0.00780189
                  16             1.76891             1.77126          0.00731584
                  17             1.78137             1.77185          0.00690967
                  18             1.80318             1.77359          0.00674148
                  19              1.8342             1.77678          0.00710146
                  20             1.84325             1.78011          0.00748384
                  21             1.86052             1.78393          0.00804769
                  22             1.89928             1.78918          0.00923316
                  23             1.87553             1.79293          0.00956463
                  24             1.80723             1.79353          0.00918463
                  25             1.73652             1.79125          0.00909587
                  26             1.74024             1.78929          0.00895509
                  27             1.77091              1.7886          0.00864925
                  28             1.82339             1.78985          0.00842908
                  29             1.75948              1.7888           0.0082032
                  30             1.71725             1.78641          0.00826922
                  31             1.74408             1.78505          0.00811447
                  32             1.81471             1.78598          0.00791365
                  33             1.77275             1.78558          0.00768399
                  34             1.80222             1.78606          0.00747356
                  35             1.80016             1.78647          0.00727088
                  36             1.78084             1.78631          0.00707059
                  37             1.80613             1.78685          0.00689975
                  38              1.7811              1.7867          0.00671984
                  39             1.77263             1.78633          0.00655721
                  40             1.77941             1.78616          0.00639556
                  41             1.79165              1.7863          0.00624098
                  42             1.80684             1.78678          0.00611152
                  43             1.84323              1.7881          0.00610872
                  44             1.86575             1.78986           0.0062196
                  45             1.86983             1.79164          0.00633019
                  46             1.88339             1.79363          0.00649924
                  47             1.85745             1.79499          0.00650125
                  48             1.78845             1.79486          0.00636723
                  49             1.80632             1.79509          0.00624158
                  50             1.83344             1.79586          0.00616369
                  51             1.82297             1.79639          0.00606572
                  52             1.87268             1.79786          0.00612394
                  53             1.78649             1.79764          0.00601215
                  54             1.77764             1.79727          0.00591221
                  55             1.79609             1.79725          0.00580476
                  56             1.78653             1.79706          0.00570426
                  57             1.82853             1.79761          0.00563085
                  58             1.81048             1.79783          0.00553814
                  59             1.80636             1.79798          0.00544616
                  60             1.77149             1.79753          0.00537325
                  61             1.74715             1.79671          0.00534827
                  62              1.8072             1.79688          0.00526469
                  63             1.81093              1.7971          0.00518584
                  64             1.79501             1.79707          0.00510491
                  65             1.79823             1.79709          0.00502641
                  66             1.77714             1.79678          0.00495933
                  67             1.78366             1.79659          0.00488917
                  68             1.76946             1.79619          0.00483352
                  69               1.824             1.79659          0.00478025
                  70             1.81296             1.79683          0.00471767
                  71             1.82414             1.79721          0.00466689
                  72             1.79332             1.79716          0.00460238
                  73             1.82251              1.7975          0.00455242
                  74             1.81135             1.79769          0.00449474
                  75             1.77363             1.79737          0.00444624
                  76              1.7631             1.79692          0.00441054
                  77             1.77456             1.79663          0.00436281
                  78             1.78267             1.79645          0.00431055
                  79             1.80261             1.79653          0.00425669
                  80             1.83356             1.79699          0.00422857
                  81              1.7772             1.79675          0.00418341
                  82             1.74662             1.79614          0.00417682
                  83             1.80071             1.79619          0.00412687
                  84             1.84349             1.79675          0.00411597
                  85             1.86047              1.7975          0.00413523
                  86             1.83975             1.79799          0.00411622
                  87             1.88744             1.79902          0.00419534
                  88             1.83952             1.79948          0.00417283
                  89             1.82764              1.7998          0.00413792
                  90             1.83899             1.80023          0.00411479
                  91             1.88869             1.80121           0.0041828
                  92             1.88436             1.80211          0.00423386
                  93             1.87734             1.80292           0.0042649
                  94             1.84458             1.80336           0.0042425
                  95             1.81949             1.80353          0.00420124
                  96             1.82303             1.80374          0.00416238
                  97             1.81872             1.80389          0.00412233
                  98             1.83035             1.80416           0.0040891
                  99             1.83077             1.80443          0.00405662
                 100             1.83616             1.80475          0.00402845
