           0           0           0
   0.0256496           0           0
   0.0512993           0           0
   0.0769489           0           0
    0.102599           0           0
    0.128248           0           0
    0.153898           0           0
    0.179547           0           0
    0.205197           0           0
    0.230847           0           0
    0.256496           0           0
    0.282146           0           0
    0.307796           0           0
    0.333445           0           0
    0.359095           0           0
    0.384745           0           0
    0.410394           0           0
    0.436044           0           0
    0.461694           0           0
    0.487343           0           0
    0.512993           0           0
    0.538642           0           0
    0.564292           0           0
    0.589942           0           0
    0.615591           0           0
    0.641241           0           0
    0.666891           0           0
     0.69254           0           0
     0.71819           0           0
     0.74384           0           0
    0.769489           0           0
    0.795139           0           0
    0.820788           0           0
    0.846438           0 1.93548e-06
    0.872088  0.00229263 0.000187206
    0.897737   0.0151571 0.000940136
    0.923387    0.203927  0.00201351
    0.949037    0.593483   0.0043425
    0.974686      1.0915  0.00722376
     1.00034     1.82531  0.00831533
     1.02599     2.23173  0.00925398
     1.05164     2.52008  0.00950977
     1.07728     2.59482  0.00910902
     1.10293     2.43553  0.00905582
     1.12858     2.32763  0.00913177
     1.15423     2.06542  0.00707375
     1.17988     1.84861  0.00849653
     1.20553     1.62559  0.00832642
     1.23118     1.41052  0.00696524
     1.25683     1.19895  0.00665785
     1.28248     1.03179  0.00604394
     1.30813     1.01088  0.00616593
     1.33378     0.86541  0.00553694
     1.35943    0.834353  0.00497591
     1.38508    0.784172   0.0044353
     1.41073     0.76478   0.0045012
     1.43638    0.749198  0.00383772
     1.46203    0.689262  0.00410396
     1.48768     0.70175  0.00488618
     1.51333      0.6639  0.00478117
     1.53898    0.727129  0.00411792
     1.56463    0.682405  0.00449522
     1.59028     0.65345  0.00433631
     1.61593    0.701169   0.0040608
     1.64158    0.697491  0.00424751
     1.66723    0.721467  0.00386923
     1.69288    0.751521  0.00359824
     1.71853    0.737996  0.00354445
     1.74418    0.744825  0.00377249
     1.76983    0.879523  0.00405417
     1.79547    0.917693   0.0040357
     1.82112    0.929634  0.00382685
     1.84677    0.990039  0.00416011
     1.87242     1.06486  0.00451296
     1.89807     1.15105  0.00432197
     1.92372     1.12099  0.00444336
     1.94937     1.11819  0.00423658
     1.97502     1.16629  0.00378549
     2.00067     1.16503  0.00411714
     2.02632     1.16237  0.00390207
     2.05197     1.19896  0.00383813
     2.07762     1.23693  0.00357591
     2.10327     1.24945  0.00394683
     2.12892     1.16989  0.00370778
     2.15457     1.18382  0.00366586
     2.18022     1.19642  0.00412371
     2.20587     1.16543  0.00401667
     2.23152     1.10991  0.00406723
     2.25717     1.05162  0.00388824
     2.28282     1.01623  0.00355864
     2.30847     1.00344  0.00312917
     2.33412    0.983103  0.00343318
     2.35977    0.921264   0.0036495
     2.38542    0.911141  0.00333379
     2.41107    0.902741  0.00288825
     2.43672    0.887166  0.00323839
     2.46237    0.870504  0.00336272
     2.48802     0.89611  0.00273548
     2.51366    0.913279  0.00264207
     2.53931    0.893371   0.0026163
