           1     1.09748     1.09748           0
           2     1.10495     1.10121  0.00264059
           3     1.08968     1.09737  0.00359953
           4     1.08694     1.09476  0.00351877
           5     1.12147      1.1001  0.00554626
           6     1.10478     1.10088  0.00467628
           7      1.1238     1.10416  0.00502507
           8     1.12489     1.10675  0.00502124
           9     1.10761     1.10684  0.00446424
          10     1.05701     1.10186  0.00620405
          11     1.08965     1.10075  0.00573841
          12     1.09918     1.10062  0.00526171
          13     1.11308     1.10158  0.00494345
          14     1.11543     1.10257  0.00468839
          15     1.11755     1.10357  0.00448097
          16     1.09573     1.10308  0.00422761
          17     1.12186     1.10418  0.00412078
          18     1.10679     1.10433  0.00389439
          19     1.10254     1.10423  0.00369055
          20      1.0863     1.10334  0.00361327
          21     1.10557     1.10344  0.00344277
          22     1.11046     1.10376  0.00330103
          23     1.07093     1.10233  0.00345231
          24     1.12004     1.10307  0.00338634
          25      1.0968     1.10282  0.00326016
          26     1.11913     1.10345  0.00319455
          27      1.1175     1.10397  0.00311833
          28     1.11579     1.10439   0.0030354
          29     1.09206     1.10397  0.00296036
          30     1.07468     1.10299  0.00301838
          31     1.06293      1.1017  0.00318566
          32     1.07542     1.10088   0.0031902
          33      1.0897     1.10054  0.00311144
          34     1.08086     1.09996  0.00307326
          35     1.08296     1.09947  0.00302358
          36     1.05428     1.09822   0.0031896
          37     1.09238     1.09806  0.00310729
          38     1.10649     1.09828  0.00303344
          39      1.0778     1.09776  0.00300077
          40     1.09631     1.09772  0.00292597
          41     1.13199     1.09856   0.0029716
          42     1.05657     1.09756  0.00306436
          43     1.08929     1.09736  0.00299911
          44      1.1309     1.09813  0.00302622
          45     1.09944     1.09816  0.00295911
          46     1.09875     1.09817  0.00289481
          47     1.08737     1.09794  0.00284233
          48      1.1301     1.09861  0.00286102
          49     1.06806     1.09799  0.00286977
          50     1.13147     1.09866  0.00288948
          51     1.08926     1.09847  0.00283869
          52     1.09167     1.09834  0.00278711
          53     1.07646     1.09793  0.00276491
          54     1.11387     1.09822  0.00272943
          55     1.06481     1.09762  0.00274659
          56     1.10821      1.0978  0.00270405
          57     1.09703     1.09779  0.00265665
          58     1.12715      1.0983  0.00265862
          59     1.07518     1.09791  0.00264228
          60     1.10471     1.09802  0.00260068
          61     1.11996     1.09838   0.0025828
          62     1.08488     1.09816   0.0025503
          63     1.12046     1.09851  0.00253426
          64     1.09788      1.0985  0.00249468
          65     1.11902     1.09882  0.00247619
          66     1.09882     1.09882  0.00243867
          67     1.10453     1.09891  0.00240376
          68     1.09327     1.09882  0.00236984
          69     1.06303      1.0983  0.00239159
          70     1.07836     1.09802  0.00237433
          71     1.09402     1.09796  0.00234155
          72     1.06149     1.09746  0.00236319
          73     1.09271     1.09739  0.00233171
          74     1.11519     1.09763  0.00231257
          75     1.09665     1.09762  0.00228177
          76     1.11064     1.09779  0.00225817
          77     1.11721     1.09804  0.00224288
          78     1.11577     1.09827  0.00222561
          79     1.07835     1.09802  0.00221167
          80     1.09611     1.09799  0.00218415
          81     1.08848     1.09788  0.00216035
          82     1.08004     1.09766  0.00214493
          83     1.08064     1.09745  0.00212886
          84     1.09642     1.09744  0.00210355
          85     1.11854     1.09769   0.0020934
          86     1.08797     1.09758   0.0020721
          87      1.1021     1.09763  0.00204894
          88     1.07267     1.09734  0.00204519
          89     1.11238     1.09751  0.00202917
          90     1.08598     1.09739  0.00201067
          91     1.08716     1.09727   0.0019917
          92     1.10841     1.09739  0.00197373
          93     1.12294     1.09767  0.00197153
          94     1.07935     1.09747  0.00196017
          95     1.10145     1.09752  0.00193998
          96     1.11205     1.09767  0.00192567
          97     1.12441     1.09794  0.00192545
          98     1.11713     1.09814  0.00191573
          99     1.13918     1.09855  0.00194071
         100     1.11662     1.09873  0.00192969
