           1    -5.45516    -5.45516           0
           2     -5.4653    -5.46023  0.00358661
           3    -5.44074    -5.45373  0.00581737
           4    -5.43583    -5.44926  0.00583672
           5    -5.48957    -5.45732  0.00859056
           6    -5.46429    -5.45848  0.00723691
           7    -5.49207    -5.46328  0.00762988
           8    -5.49686    -5.46748  0.00774531
           9    -5.46936    -5.46769  0.00688754
          10    -5.39219    -5.46014  0.00947204
          11    -5.44196    -5.45849  0.00875385
          12     -5.4557    -5.45825  0.00802745
          13    -5.47686    -5.45968  0.00753646
          14    -5.48111    -5.46121  0.00715183
          15    -5.48545    -5.46283  0.00685518
          16    -5.45275     -5.4622  0.00645563
          17    -5.48982    -5.46382  0.00627701
          18    -5.46646    -5.46397     0.00593
          19     -5.4618    -5.46386  0.00561899
          20    -5.43659    -5.46249  0.00550099
          21    -5.46385    -5.46256  0.00523942
          22    -5.47144    -5.46296  0.00501681
          23    -5.40946    -5.46064  0.00531074
          24    -5.48849     -5.4618  0.00521477
          25    -5.45054    -5.46135  0.00502559
          26    -5.48599    -5.46229  0.00492087
          27    -5.48227    -5.46303   0.0047939
          28    -5.48178     -5.4637   0.0046692
          29    -5.44553    -5.46308  0.00455007
          30    -5.41621    -5.46151  0.00465887
          31    -5.39854    -5.45948  0.00493167
          32    -5.41776    -5.45818  0.00494687
          33     -5.4403    -5.45764  0.00482653
          34    -5.42757    -5.45675  0.00476492
          35    -5.42915    -5.45596  0.00469359
          36    -5.38781    -5.45407   0.0049303
          37    -5.44384    -5.45379   0.0048048
          38    -5.46753    -5.45416  0.00469193
          39    -5.42328    -5.45336  0.00463792
          40    -5.45255    -5.45334  0.00452202
          41    -5.50271    -5.45455  0.00456919
          42    -5.38894    -5.45299  0.00471991
          43    -5.44224    -5.45274  0.00461676
          44    -5.50627    -5.45395  0.00466943
          45    -5.45907    -5.45407  0.00456705
          46    -5.45276    -5.45404  0.00446785
          47    -5.43813     -5.4537   0.0043856
          48    -5.50289    -5.45472  0.00441233
          49    -5.40904    -5.45379  0.00441968
          50    -5.50495    -5.45481  0.00444812
          51    -5.44144    -5.45455  0.00436862
          52    -5.44546    -5.45438   0.0042881
          53    -5.42346    -5.45379   0.0042467
          54    -5.47598    -5.45421  0.00418788
          55    -5.40007    -5.45322  0.00422583
          56    -5.46852    -5.45349   0.0041592
          57    -5.45329    -5.45349  0.00408623
          58    -5.49568    -5.45422     0.00408
          59    -5.41933    -5.45363  0.00405347
          60    -5.46509    -5.45382  0.00399041
          61    -5.48906     -5.4544  0.00396659
          62    -5.43315    -5.45405  0.00391739
          63     -5.4907    -5.45463  0.00389815
          64     -5.4522     -5.4546  0.00383743
          65    -5.48371    -5.45504  0.00380444
          66    -5.45348    -5.45502  0.00374687
          67    -5.46439    -5.45516  0.00369355
          68    -5.44576    -5.45502  0.00364182
          69    -5.40168    -5.45425  0.00367019
          70    -5.42283     -5.4538   0.0036451
          71    -5.44721    -5.45371  0.00359494
          72    -5.39846    -5.45294  0.00362597
          73    -5.44518    -5.45283  0.00357786
          74    -5.47768    -5.45317  0.00354523
          75    -5.45241    -5.45316  0.00349798
          76    -5.47281    -5.45342   0.0034615
          77    -5.48414    -5.45382  0.00343946
          78    -5.48084    -5.45416  0.00341277
          79    -5.42245    -5.45376  0.00339309
          80    -5.45051    -5.45372  0.00335092
          81    -5.43731    -5.45352  0.00331567
          82    -5.42713     -5.4532  0.00329081
          83     -5.4277    -5.45289  0.00326547
          84    -5.45383     -5.4529  0.00322661
          85    -5.48613    -5.45329  0.00321225
          86    -5.43879    -5.45312  0.00317932
          87    -5.45859    -5.45319   0.0031434
          88    -5.41587    -5.45276  0.00313615
          89    -5.47621    -5.45303  0.00311196
          90    -5.43359    -5.45281  0.00308486
          91    -5.43522    -5.45262  0.00305701
          92    -5.47049    -5.45281  0.00302995
          93    -5.49426    -5.45326  0.00302998
          94    -5.42747    -5.45298  0.00301014
          95    -5.46321    -5.45309  0.00298038
          96     -5.4791    -5.45336  0.00296162
          97    -5.49465    -5.45379  0.00296152
          98    -5.48471     -5.4541  0.00294806
          99    -5.51447    -5.45471  0.00298068
         100     -5.4809    -5.45497  0.00296235
