           1    0.197249    0.197249           0
           2    0.198465    0.197857 0.000429768
           3     0.19591    0.197208 0.000602366
           4     0.19772    0.197336 0.000465166
           5    0.196578    0.197184 0.000396092
           6    0.195775    0.196949 0.000393662
           7     0.19504    0.196677 0.000421466
           8    0.195733    0.196559 0.000384945
           9    0.196859    0.196592 0.000343613
          10    0.196382    0.196571 0.000309895
          11    0.196661    0.196579 0.000281832
          12    0.195055    0.196452 0.000285548
          13    0.196993    0.196494 0.000266595
          14    0.196405    0.196487 0.000247628
          15     0.19603    0.196457  0.00023299
          16    0.194778    0.196352 0.000240892
          17    0.194706    0.196255 0.000245406
          18    0.195895    0.196235 0.000232588
          19     0.19748    0.196301 0.000229386
          20    0.196886     0.19633 0.000219774
           1    0.203496    0.203496           0
           2    0.201718    0.202607 0.000628633
           3    0.203326    0.202847 0.000462527
           4    0.202801    0.202836 0.000347039
           5    0.204955    0.203259  0.00046997
           6    0.204728    0.203504 0.000450888
           7     0.20506    0.203727 0.000437856
           8    0.204518    0.203825 0.000394136
           9     0.20499    0.203955 0.000370989
          10     0.20427    0.203986 0.000335225
          11    0.206073    0.204176 0.000354398
          12    0.203796    0.204144 0.000326279
          13     0.20309    0.204063 0.000311093
          14    0.202397    0.203944 0.000310799
          15    0.202373     0.20384 0.000307224
          16    0.205935    0.203971 0.000314695
          17    0.203813    0.203961  0.00029632
          18    0.203692    0.203946 0.000280233
          19    0.203403    0.203918  0.00026694
          20    0.204765     0.20396 0.000256936
           1    0.212956    0.212956           0
           2    0.213149    0.213052 6.85437e-05
           3    0.212447    0.212851 0.000170893
           4    0.214442    0.213249 0.000367651
           5    0.212098    0.213019 0.000358982
           6    0.212659    0.212959 0.000304106
           7    0.213042    0.212971 0.000260898
           8    0.211782    0.212822 0.000267296
           9    0.210675    0.212584 0.000327138
          10    0.212836    0.212609 0.000295394
          11     0.21379    0.212716 0.000287386
          12    0.212064    0.212662 0.000268525
          13    0.212928    0.212682 0.000248647
          14    0.212388    0.212661  0.00023177
          15    0.213614    0.212725 0.000224848
          16    0.210511    0.212586 0.000249754
          17    0.210008    0.212435 0.000277314
          18    0.212614    0.212445 0.000262087
          19    0.213656    0.212508  0.00025593
          20    0.212995    0.212533 0.000244288
           1    0.220178    0.220178           0
           2    0.221901    0.221039 0.000609183
           3    0.223634    0.221904 0.000814649
           4    0.221464    0.221794 0.000618378
           5    0.221674     0.22177 0.000495166
           6    0.221885    0.221789 0.000413007
           7     0.21979    0.221504 0.000441819
           8    0.223483    0.221751  0.00045058
           9    0.219768    0.221531 0.000451172
          10    0.221678    0.221545 0.000406294
          11    0.222094    0.221595 0.000372412
          12    0.223266    0.221735 0.000366492
          13    0.221809     0.22174 0.000338345
          14    0.220231    0.221633 0.000330902
          15    0.221002     0.22159 0.000311501
          16    0.218983    0.221428 0.000331931
          17    0.221529    0.221434 0.000312459
          18    0.222908    0.221515 0.000305653
          19    0.223067    0.221597  0.00030028
          20    0.220444    0.221539 0.000290744
           1    0.230758    0.230758           0
           2    0.230037    0.230397 0.000254635
           3    0.231177    0.230657 0.000271756
           4    0.229591    0.230391 0.000307983
           5    0.231614    0.230635 0.000329519
           6    0.231071    0.230708 0.000282477
           7    0.230615    0.230695 0.000242438
           8    0.228234    0.230387 0.000357484
           9    0.229188    0.230254 0.000341693
          10    0.228646    0.230093 0.000343249
          11    0.231964    0.230263 0.000351674
          12    0.230986    0.230323 0.000327489
          13    0.231126    0.230385 0.000308063
          14    0.228096    0.230222 0.000326585
          15    0.230251    0.230224 0.000304819
          16    0.229704    0.230191 0.000287489
          17    0.229611    0.230157 0.000272597
          18    0.226744    0.229967 0.000316591
          19    0.229997    0.229969 0.000299932
          20    0.229333    0.229937 0.000286616
           1    0.238383    0.238383           0
           2    0.238402    0.238392 6.85628e-06
           3    0.238826    0.238537  0.00011825
           4    0.237258    0.238217 0.000290781
           5    0.238541    0.238282 0.000239735
           6    0.238571     0.23833 0.000204563
           7    0.237813    0.238256 0.000188212
           8    0.239309    0.238388 0.000205584
           9    0.240616    0.238635 0.000296449
          10    0.237476    0.238519 0.000288604
          11    0.239115    0.238574 0.000267399
          12    0.240725    0.238753 0.000299231
          13    0.240303    0.238872 0.000299039
          14    0.240542    0.238991 0.000300514
          15     0.23683    0.238847  0.00031312
          16    0.240492     0.23895 0.000309968
          17    0.239051    0.238956 0.000291791
          18    0.241887    0.239119 0.000317788
          19    0.238995    0.239112  0.00030113
          20    0.240647    0.239189 0.000295693
           1    0.252129    0.252129           0
           2    0.250385    0.251257 0.000616926
           3    0.248994    0.250503 0.000740601
           4    0.249733     0.25031 0.000579881
           5    0.248887    0.250026 0.000529176
           6     0.24926    0.249898  0.00045612
           7    0.248189    0.249654 0.000451604
           8      0.2509     0.24981 0.000421153
           9    0.250867    0.249927 0.000390398
          10    0.249938    0.249928  0.00035136
          11    0.248392    0.249788 0.000346061
          12    0.250357    0.249836  0.00032045
          13    0.252252    0.250022  0.00034551
          14    0.249985    0.250019 0.000320841
          15    0.249407    0.249978 0.000302033
          16    0.247943    0.249851 0.000308781
          17    0.248548    0.249774 0.000299978
          18    0.251282    0.249858 0.000294766
          19     0.24969    0.249849 0.000279384
          20    0.247856     0.24975 0.000282639
           1    0.258339    0.258339           0
           2    0.259226    0.258783 0.000313632
           3    0.261003    0.259523 0.000639421
           4    0.260548    0.259779 0.000528448
           5    0.259351    0.259693  0.00042962
           6    0.259998    0.259744 0.000361008
           7    0.258999    0.259638 0.000324739
           8    0.258938     0.25955   0.0002957
           9    0.259578    0.259554 0.000262861
          10     0.25974    0.259572 0.000237237
          11    0.258807    0.259503 0.000225648
          12      0.2616    0.259677 0.000266049
          13     0.25933    0.259651 0.000246924
          14    0.260869    0.259738 0.000244141
          15     0.26103    0.259824 0.000242584
          16    0.258214    0.259723 0.000247416
          17    0.258592    0.259657 0.000241639
          18    0.257793    0.259553  0.00024941
          19     0.25988     0.25957 0.000236876
          20     0.26063    0.259623 0.000230878
           1    0.270164    0.270164           0
           2    0.269503    0.269834  0.00023364
           3    0.271385    0.270351 0.000449879
           4    0.268698    0.269938 0.000491876
           5    0.270468    0.270044 0.000404766
           6     0.26963    0.269975 0.000343128
           7     0.27539    0.270748 0.000774333
           8    0.268969    0.270526 0.000708769
           9    0.271676    0.270654 0.000641436
          10    0.270352    0.270623 0.000578001
          11    0.271895    0.270739  0.00053689
          12    0.269552     0.27064 0.000501184
          13    0.271106    0.270676 0.000463911
          14    0.270706    0.270678 0.000430779
          15    0.269765    0.270617 0.000406335
          16    0.270595    0.270616 0.000380941
          17    0.269413    0.270545 0.000365042
          18    0.271065    0.270574 0.000345901
          19    0.273625    0.270735 0.000363066
          20    0.269384    0.270667  0.00035114
           1    0.283765    0.283765           0
           2    0.282733    0.283249 0.000364689
           3    0.282238    0.282912 0.000367086
           4    0.281197    0.282483 0.000462198
           5     0.28107    0.282201 0.000447926
           6    0.277327    0.281389 0.000830118
           7    0.282401    0.281533 0.000724018
           8    0.283213    0.281743 0.000663278
           9    0.281383    0.281703 0.000590787
          10    0.281788    0.281712 0.000531769
          11    0.281896    0.281729 0.000483692
          12    0.279872    0.281574 0.000467478
          13    0.281552    0.281572 0.000431521
          14    0.284341     0.28177 0.000443725
          15    0.281337    0.281741 0.000415081
          16    0.282731    0.281803 0.000393726
          17    0.281221    0.281769 0.000372049
          18    0.279442    0.281639 0.000373167
          19    0.282601     0.28169 0.000356942
          20    0.283666    0.281789 0.000352503
           1    0.292097    0.292097           0
           2    0.293349    0.292723 0.000442819
           3    0.293001    0.292816 0.000304742
           4    0.292606    0.292764 0.000233009
           5    0.294962    0.293203 0.000435282
           6     0.29418    0.293366 0.000392004
           7    0.295615    0.293687 0.000448723
           8    0.292676    0.293561 0.000410048
           9    0.292777    0.293474 0.000373635
          10    0.295046    0.293631 0.000367856
          11    0.292201    0.293501 0.000356654
          12    0.296238    0.293729 0.000393139
          13    0.294175    0.293763 0.000364393
          14    0.294311    0.293802 0.000340456
          15    0.293144    0.293759 0.000320575
          16    0.290343    0.293545 0.000364755
          17    0.292988    0.293512 0.000344768
          18    0.291463    0.293398 0.000343898
          19    0.290859    0.293265  0.00035081
          20    0.294971     0.29335 0.000343481
           1    0.305808    0.305808           0
           2     0.30613    0.305969 0.000113805
           3    0.302702     0.30488  0.00089257
           4    0.304731    0.304843 0.000670202
           5     0.30863      0.3056  0.00086393
           6    0.303669    0.305278 0.000777621
           7    0.306414    0.305441 0.000683255
           8    0.305084    0.305396 0.000599298
           9    0.307112    0.305587 0.000562205
          10    0.306596    0.305688 0.000514972
          11    0.303157    0.305458  0.00051698
          12     0.30282    0.305238  0.00051852
          13    0.304239    0.305161 0.000484293
          14    0.304537    0.305116 0.000451744
          15    0.305101    0.305115 0.000421629
          16    0.303585     0.30502 0.000405977
          17    0.306634    0.305115 0.000393047
          18    0.305411    0.305131 0.000371555
          19    0.306033    0.305179 0.000355019
          20    0.306557    0.305248  0.00034389
           1    0.317206    0.317206           0
           2    0.317171    0.317188 1.22098e-05
           3    0.317426    0.317268 6.52681e-05
           4    0.318428    0.317558 0.000255836
           5    0.319241    0.317894 0.000364143
           6    0.315517    0.317498 0.000472207
           7    0.318893    0.317697 0.000444786
           8    0.317679    0.317695 0.000389193
           9    0.319876    0.317937 0.000414589
          10    0.319017    0.318045 0.000386933
          11    0.313188    0.317604 0.000548641
          12    0.316406    0.317504 0.000511919
          13    0.319439    0.317653 0.000493703
          14    0.317868    0.317668 0.000458678
          15    0.317551     0.31766 0.000428167
          16     0.31819    0.317694 0.000402686
          17    0.317962    0.317709 0.000379309
          18    0.317991    0.317725 0.000358559
          19     0.31927    0.317806 0.000348789
          20    0.319695    0.317901 0.000343894
           1    0.329841    0.329841           0
           2    0.332473    0.331157 0.000930665
           3    0.330134    0.330816 0.000680033
           4    0.331907    0.331088 0.000562074
           5    0.329821    0.330835 0.000503592
           6    0.332621    0.331133 0.000499932
           7    0.332903    0.331386 0.000488332
           8    0.328878    0.331072  0.00051824
           9    0.330828    0.331045 0.000461369
          10    0.329491     0.33089 0.000440623
          11    0.333824    0.331156 0.000474516
          12    0.329856    0.331048 0.000447179
          13    0.334663    0.331326 0.000491712
          14    0.329712    0.331211 0.000469914
          15    0.331358    0.331221  0.00043869
          16    0.331132    0.331215 0.000411307
          17    0.332055    0.331264 0.000390071
          18    0.330956    0.331247 0.000368776
          19    0.331292     0.33125 0.000349374
          20    0.329744    0.331174 0.000339923
           1    0.343283    0.343283           0
           2    0.346429    0.344856  0.00111218
           3    0.339632    0.343115  0.00160356
           4    0.347652    0.344249  0.00155289
           5    0.346881    0.344775  0.00132856
           6    0.344004    0.344647  0.00111334
           7    0.344421    0.344615 0.000954755
           8    0.342845    0.344393 0.000860657
           9    0.345764    0.344546 0.000778389
          10     0.34405    0.344496 0.000702128
          11    0.344343    0.344482 0.000638436
          12    0.346749    0.344671  0.00061255
          13    0.344701    0.344673 0.000565435
          14    0.347943    0.344907 0.000571257
          15    0.345151    0.344923 0.000533404
          16    0.344913    0.344923 0.000500067
          17    0.341959    0.344748 0.000500111
          18    0.345443    0.344787 0.000473812
          19    0.344369    0.344765 0.000449385
          20    0.341669     0.34461 0.000452784
           1    0.359734    0.359734           0
           2    0.358016    0.358875 0.000607377
           3    0.355429    0.357726  0.00102157
           4     0.35704    0.357555 0.000780457
           5    0.362976    0.358639  0.00115344
           6    0.358589    0.358631 0.000961234
           7    0.356704    0.358356 0.000862412
           8    0.358244    0.358342 0.000754724
           9    0.356757    0.358165 0.000691096
          10    0.356965    0.358045 0.000632324
          11    0.358037    0.358045  0.00057484
          12    0.360908    0.358283 0.000574322
          13    0.359605    0.358385 0.000539066
          14    0.357462    0.358319 0.000504574
          15    0.353743    0.358014 0.000555554
          16    0.358141    0.358022 0.000520889
          17    0.356219    0.357916 0.000500934
          18    0.355425    0.357777  0.00049185
          19    0.358277    0.357804 0.000466664
          20    0.356373    0.357732 0.000448781
           1    0.372157    0.372157           0
           2    0.372143     0.37215 5.00808e-06
           3    0.370571    0.371624 0.000429729
           4    0.370706    0.371394 0.000378664
           5    0.373173     0.37175 0.000439286
           6    0.372054    0.371801 0.000368985
           7    0.369004    0.371401 0.000486653
           8    0.365962    0.370721 0.000765406
           9    0.369913    0.370632 0.000685605
          10    0.368721     0.37044 0.000643126
          11    0.370398    0.370437 0.000584672
          12    0.365583    0.370032 0.000661223
          13    0.373447    0.370295 0.000660487
          14    0.370133    0.370283  0.00061341
          15    0.367317    0.370086 0.000603543
          16    0.371154    0.370152 0.000569507
          17    0.371182    0.370213 0.000539218
          18     0.36921    0.370157 0.000512133
          19    0.373196    0.370317 0.000509541
          20    0.371151    0.370359 0.000485766
           1    0.385704    0.385704           0
           2    0.385936     0.38582 8.20336e-05
           3    0.383764    0.385135 0.000562072
           4     0.38623    0.385409 0.000483704
           5    0.380374    0.384402  0.00098022
           6    0.380199    0.383701  0.00103735
           7     0.38648    0.384098 0.000962138
           8    0.387014    0.384463 0.000908276
           9    0.384454    0.384462 0.000807357
          10    0.385067    0.384522 0.000728885
          11    0.378143    0.383942 0.000863027
          12    0.380804    0.383681 0.000829778
          13    0.379799    0.383382 0.000817922
          14    0.380658    0.383188 0.000782297
          15    0.380609    0.383016  0.00074879
          16    0.381637     0.38293 0.000706934
          17    0.387366     0.38319 0.000711892
          18     0.38275    0.383166 0.000672762
          19    0.382741    0.383144 0.000637726
          20    0.383794    0.383176 0.000606667
           1    0.401823    0.401823           0
           2    0.398078    0.399951  0.00132418
           3    0.400746    0.400216 0.000908955
           4    0.393788    0.398609  0.00154963
           5     0.39501    0.397889  0.00139691
           6    0.402976    0.398737  0.00139787
           7    0.396093    0.398359  0.00124817
           8    0.395676    0.398024  0.00113631
           9     0.39355    0.397527  0.00111349
          10    0.397114    0.397485   0.0010029
          11    0.397041    0.397445 0.000912542
          12    0.400817    0.397726 0.000878705
          13    0.394973    0.397514 0.000836235
          14    0.396328     0.39743 0.000780786
          15    0.400247    0.397617 0.000750988
          16     0.39857    0.397677 0.000706407
          17    0.398135    0.397704 0.000665368
          18    0.397399    0.397687 0.000628619
          19    0.400662    0.397844 0.000614724
          20    0.393174     0.39761 0.000626753
           1    0.414302    0.414302           0
           2    0.414267    0.414284  1.2206e-05
           3    0.408863    0.412477  0.00147552
           4    0.404542    0.410493  0.00204363
           5    0.412607    0.410916  0.00167805
           6     0.40369    0.409712   0.0017788
           7    0.406656    0.409275  0.00157735
           8     0.40706    0.408998  0.00140427
           9    0.410108    0.409122  0.00125365
          10    0.410849    0.409294  0.00114012
          11     0.40839    0.409212  0.00103943
          12    0.412192     0.40946 0.000982024
          13    0.410231     0.40952 0.000908272
          14    0.406546    0.409307 0.000867882
          15    0.408306    0.409241 0.000812584
          16    0.406924    0.409096 0.000774585
          17    0.411904    0.409261  0.00074643
          18    0.408652    0.409227 0.000705729
          19    0.406177    0.409067 0.000686599
          20    0.406177    0.408922 0.000667296
           1    0.424464    0.424464           0
           2    0.418633    0.421548  0.00206176
           3    0.415816    0.419637  0.00207932
           4    0.417344    0.419064  0.00163666
           5    0.423579    0.419967  0.00153838
           6    0.415863    0.419283  0.00142599
           7    0.427174     0.42041  0.00160724
           8     0.42051    0.420423  0.00140638
           9    0.418573    0.420217  0.00126505
          10    0.423126    0.420508   0.0011715
          11     0.42347    0.420777  0.00109551
          12    0.419144    0.420641  0.00101264
          13    0.425928    0.421048  0.00101312
          14    0.420379       0.421  0.00094188
          15     0.42062    0.420975  0.00087943
          16    0.418661     0.42083 0.000836273
          17    0.419584    0.420757 0.000790284
          18    0.416567    0.420524 0.000779908
          19    0.425748    0.420799 0.000785834
          20    0.417721    0.420645 0.000761466
           1    0.424823    0.424823           0
           2    0.427624    0.426223 0.000990163
           3    0.433835    0.428761  0.00217436
           4    0.433018    0.429825  0.00187322
           5    0.422399     0.42834  0.00200261
           6    0.424643    0.427724  0.00176106
           7    0.425644    0.427427  0.00153433
           8    0.425858     0.42723  0.00135501
           9    0.431114    0.427662  0.00127131
          10     0.43402    0.428298  0.00129343
          11    0.433414    0.428763  0.00125668
          12    0.430377    0.428897  0.00115913
          13    0.435838    0.429431  0.00118658
          14    0.424934     0.42911  0.00114448
          15    0.429703     0.42915  0.00106887
          16     0.43777    0.429688  0.00112972
          17    0.432584    0.429859  0.00107603
          18     0.43326    0.430048   0.0010327
          19    0.429265    0.430006 0.000979169
          20    0.422977    0.429655  0.00099128
           1    0.432738    0.432738           0
           2    0.440521    0.436629  0.00275165
           3    0.436429    0.436563  0.00183524
           4    0.437313     0.43675  0.00138599
           5    0.434657    0.436331  0.00117033
           6    0.430972    0.435438  0.00127123
           7    0.432209    0.434977  0.00117036
           8    0.440358     0.43565  0.00120194
           9    0.438223    0.435935  0.00110187
          10    0.430156    0.435358  0.00113316
          11    0.431027    0.434964  0.00109639
          12    0.435466    0.435006  0.00100582
          13    0.440671    0.435441  0.00101849
          14     0.43027    0.435072  0.00101051
          15    0.423941     0.43433  0.00118468
          16    0.427702    0.433916  0.00118084
          17    0.433648      0.4339  0.00111148
          18    0.430219    0.433696  0.00106838
          19    0.435318    0.433781  0.00101555
          20    0.438524    0.434018 0.000992081
           1     0.43926     0.43926           0
           2    0.438081     0.43867 0.000416972
           3    0.447559    0.441633   0.0024352
           4     0.43879    0.440923  0.00192736
           5    0.451267    0.442992  0.00240872
           6    0.448175    0.443856  0.00215666
           7    0.440164    0.443328  0.00191194
           8    0.438413    0.442714  0.00176893
           9    0.437324    0.442115  0.00167069
          10    0.440739    0.441977  0.00150928
          11    0.441315    0.441917  0.00137327
          12    0.445312      0.4422  0.00128764
          13    0.441663    0.442159  0.00118925
          14     0.43516    0.441659  0.00120479
          15    0.445961    0.441946  0.00115811
          16    0.442276    0.441966  0.00108591
          17    0.437027    0.441676  0.00106019
          18    0.436288    0.441376  0.00104268
          19    0.436541    0.441122  0.00101838
          20    0.438704    0.441001 0.000974612
           1    0.434842    0.434842           0
           2    0.437408    0.436125 0.000907226
           3    0.436124    0.436125 0.000604818
           4    0.443816    0.438047  0.00172585
           5    0.437977    0.438033  0.00138074
           6    0.440172     0.43839  0.00119572
           7    0.439599    0.438562   0.0010373
           8    0.440303     0.43878 0.000930161
           9    0.443092    0.439259 0.000942151
          10    0.447607    0.440094  0.00116026
          11    0.439984    0.440084  0.00105483
          12    0.436463    0.439782  0.00100915
          13    0.431659    0.439157  0.00110821
          14    0.436586    0.438974  0.00104417
          15    0.443702    0.439289  0.00102103
          16    0.437954    0.439205 0.000960615
          17    0.439439    0.439219 0.000904206
          18    0.441872    0.439367 0.000865902
          19    0.449026    0.439875  0.00095802
          20    0.439834    0.439873 0.000910121
           1    0.428808    0.428808           0
           2    0.438873     0.43384  0.00355836
           3     0.44811    0.438597  0.00455085
           4    0.430318    0.436527  0.00385518
           5    0.435825    0.436387   0.0030867
           6    0.443418    0.437559  0.00278584
           7    0.455998    0.440193  0.00341314
           8     0.42372    0.438134  0.00355374
           9    0.434975    0.437783  0.00317617
          10    0.431393    0.437144  0.00292211
          11    0.447322    0.438069  0.00279912
          12    0.428987    0.437312  0.00266622
          13    0.438533    0.437406  0.00246278
          14     0.43026    0.436896  0.00233916
          15    0.427939    0.436299  0.00225815
          16    0.437419    0.436369   0.0021181
          17    0.438444    0.436491  0.00199702
          18    0.436249    0.436477  0.00188612
          19    0.425727    0.435911  0.00186979
          20    0.447086     0.43647   0.0018579
           1    0.440413    0.440413           0
           2    0.444477    0.442445  0.00143669
           3    0.427971     0.43762  0.00405403
           4    0.432646    0.436377  0.00322566
           5    0.421785    0.433458  0.00367045
           6    0.433928    0.433537  0.00305954
           7    0.445978    0.435314  0.00309599
           8    0.430302    0.434688  0.00277167
           9    0.432295    0.434422  0.00247642
          10     0.42414    0.433393  0.00243288
          11    0.433628    0.433415  0.00221181
          12    0.445272    0.434403  0.00223735
          13    0.434346    0.434399  0.00206525
          14     0.43245    0.434259  0.00192242
          15    0.449991    0.435308  0.00206057
          16     0.43256    0.435136  0.00193893
          17    0.423446    0.434449  0.00194299
          18    0.442353    0.434888  0.00188402
          19      0.4082    0.433483   0.0022483
          20    0.447851    0.434202  0.00224773
           1    0.427598    0.427598           0
           2    0.436825    0.432212  0.00326214
           3    0.420987     0.42847  0.00374993
           4    0.429701    0.428778  0.00282505
           5    0.417808    0.426584  0.00299309
           6    0.421559    0.425747  0.00260877
           7    0.461083    0.430795  0.00518095
           8    0.427379    0.430368   0.0045509
           9    0.415386    0.428703  0.00433902
          10    0.428872     0.42872  0.00390515
          11    0.426909    0.428555  0.00355361
          12    0.435748    0.429155  0.00330764
          13    0.420646      0.4285  0.00311729
          14    0.413683    0.427442  0.00306903
          15    0.444413    0.428573   0.0030659
          16    0.424815    0.428338  0.00288327
          17     0.42568    0.428182   0.0027179
          18    0.425357    0.428025  0.00257143
          19    0.412969    0.427233  0.00255528
          20    0.424032    0.427073  0.00243252
           1    0.410958    0.410958           0
           2    0.404833    0.407895  0.00216547
           3    0.408157    0.407983   0.0014454
           4    0.424148    0.412024  0.00366403
           5     0.43192    0.416003   0.0046107
           6    0.413302    0.415553  0.00386417
           7    0.413413    0.415247  0.00332422
           8    0.430109    0.417105  0.00338825
           9    0.428924    0.418418  0.00325633
          10    0.434725    0.420049  0.00331394
          11    0.413801    0.419481  0.00306096
          12    0.426109    0.420033  0.00285528
          13    0.410303    0.419285  0.00273199
          14    0.408667    0.418526  0.00264002
          15     0.40015    0.417301  0.00273352
          16    0.422542    0.417629  0.00258222
          17    0.417017    0.417593  0.00243058
          18    0.408916    0.417111  0.00234286
          19    0.430522    0.417817  0.00232344
          20    0.413763    0.417614  0.00221609
           1    0.392614    0.392614           0
           2    0.389423    0.391018  0.00112845
           3    0.390048    0.390695 0.000797297
           4     0.40455    0.394159  0.00305875
           5     0.40492    0.396311  0.00311346
           6     0.40526    0.397803  0.00293011
           7    0.386288    0.396158  0.00293715
           8    0.383557    0.394583  0.00296238
           9    0.398672    0.395037  0.00266785
          10    0.404088    0.395942  0.00254997
          11    0.372575    0.393818  0.00307834
          12    0.411602      0.3953  0.00315846
          13    0.396487    0.395391  0.00291683
          14    0.388617    0.394907  0.00274833
          15    0.391389    0.394673  0.00257509
          16    0.392466    0.394535  0.00241784
          17    0.396864    0.394672  0.00227949
          18    0.404243    0.395204  0.00221401
          19    0.395514     0.39522  0.00209754
          20    0.407061    0.395812  0.00207454
