           1     1.34062     1.34062           0
           2     1.34895     1.34479  0.00294694
           3     1.35086     1.34681  0.00256705
           4     1.35741     1.34946  0.00299493
           5     1.36218       1.352  0.00330398
           6     1.37962     1.35661  0.00502389
           7     1.36224     1.35741  0.00437027
           8     1.37979     1.36021  0.00463351
           9     1.36801     1.36107  0.00419896
          10     1.37729      1.3627  0.00408016
          11     1.36833     1.36321  0.00374119
          12      1.3409     1.36135  0.00386388
          13     1.38164     1.36291  0.00386916
          14     1.36357     1.36296  0.00359307
          15     1.36878     1.36334  0.00337441
          16     1.36689     1.36357  0.00317078
          17     1.36716     1.36378  0.00299131
          18     1.34934     1.36298  0.00293064
          19     1.35433     1.36252  0.00281147
          20     1.36755     1.36277  0.00268211
           1     1.43186     1.43186           0
           2     1.43656     1.43421   0.0016637
           3     1.43244     1.43362  0.00120935
           4     1.42637     1.43181  0.00181327
           5     1.43369     1.43218  0.00148927
           6     1.42755     1.43141  0.00142771
           7     1.43602     1.43207  0.00136734
           8     1.43381     1.43229  0.00121351
           9     1.42259     1.43121  0.00148182
          10     1.43466     1.43155  0.00137312
          11     1.44897     1.43314  0.00195901
          12     1.43537     1.43332  0.00180453
          13     1.43441     1.43341  0.00166767
          14     1.40863     1.43164   0.0023035
          15     1.43353     1.43176  0.00215338
          16     1.44445     1.43256  0.00215989
          17     1.40691     1.43105  0.00250498
          18     1.41031      1.4299   0.0026173
          19     1.42967     1.42988  0.00247957
          20      1.4546     1.43112  0.00264558
           1     1.47289     1.47289           0
           2     1.49673     1.48481  0.00843124
           3     1.50055     1.49006  0.00706721
           4     1.53952     1.50242   0.0119496
           5     1.47948     1.49783   0.0104038
           6     1.49981     1.49816  0.00867501
           7     1.51224     1.50017   0.0076653
           8     1.50624     1.50093  0.00674456
           9      1.5118     1.50214  0.00610226
          10     1.50289     1.50222  0.00549249
          11     1.51605     1.50347  0.00513517
          12     1.51105      1.5041  0.00474593
          13     1.50955     1.50452   0.0043993
          14     1.49051     1.50352  0.00419734
          15     1.52521     1.50497  0.00415911
          16       1.495     1.50435  0.00394552
          17     1.50931     1.50464  0.00372421
          18     1.50531     1.50467  0.00351749
          19     1.51031     1.50497  0.00334487
          20     1.51105     1.50528   0.0031914
           1     1.57041     1.57041           0
           2     1.59752     1.58396  0.00958638
           3     1.58517     1.58437  0.00639942
           4     1.60614     1.58981  0.00672759
           5     1.59648     1.59114  0.00551265
           6     1.57617     1.58865  0.00512763
           7     1.60382     1.59082  0.00483123
           8     1.59012     1.59073   0.0042281
           9      1.5896      1.5906  0.00376017
          10     1.60187     1.59173   0.0035489
          11     1.58654     1.59126  0.00325754
          12     1.59521     1.59159  0.00300265
          13     1.58091     1.59077  0.00288189
          14     1.58148      1.5901   0.0027513
          15     1.60297     1.59096  0.00269839
          16     1.56176     1.58914  0.00308566
          17      1.5863     1.58897  0.00290864
          18     1.59218     1.58915   0.0027525
          19     1.57546     1.58843  0.00270019
          20     1.63144     1.59058  0.00331259
           1      1.7013      1.7013           0
           2     1.68532     1.69331  0.00564963
           3     1.67526      1.6873  0.00619147
           4     1.69111     1.68825  0.00471634
           5     1.69288     1.68917    0.003863
           6     1.68025     1.68769  0.00349377
           7     1.68484     1.68728  0.00301823
           8     1.67953     1.68631  0.00279222
           9     1.66146     1.68355  0.00359692
          10     1.68357     1.68355  0.00323723
          11     1.71154      1.6861  0.00381413
          12     1.69023     1.68644  0.00351176
          13      1.6953     1.68712  0.00330707
          14     1.68203     1.68676  0.00309078
          15     1.66892     1.68557  0.00310504
          16     1.69399      1.6861  0.00295522
          17     1.68847     1.68624  0.00278469
          18     1.68224     1.68601  0.00263884
          19     1.73679     1.68869  0.00360765
          20     1.66342     1.68742  0.00364182
           1     1.75347     1.75347           0
           2     1.78029     1.76688  0.00948267
           3     1.80042     1.77806   0.0111023
           4     1.77087     1.77626  0.00847092
           5     1.80095      1.7812  0.00808846
           6     1.80105     1.78451  0.00738626
           7     1.79193     1.78557  0.00640678
           8     1.81002     1.78863  0.00629303
           9     1.80218     1.79013  0.00577112
          10     1.80251     1.79137  0.00532517
          11     1.79875     1.79204  0.00488313
          12     1.79676     1.79243    0.004492
          13     1.81213     1.79395  0.00439451
          14     1.80039     1.79441  0.00410464
          15     1.77203     1.79292  0.00409306
          16     1.77941     1.79207  0.00392338
          17     1.81147     1.79321  0.00385489
          18     1.76505     1.79165  0.00394542
          19     1.78388     1.79124  0.00375889
          20     1.78929     1.79114  0.00357221
           1     1.89396     1.89396           0
           2     1.88845     1.89121  0.00194912
           3     1.86979     1.88407  0.00597322
           4     1.90818     1.89009   0.0068785
           5     1.90887     1.89385  0.00644671
           6     1.94899     1.90304   0.0099621
           7      1.9015     1.90282  0.00854136
           8     1.88162     1.90017  0.00787407
           9      1.9099     1.90125  0.00707293
          10     1.92222     1.90335  0.00666916
          11      1.9168     1.90457  0.00617403
          12     1.92312     1.90612  0.00584979
          13     1.93861     1.90862   0.0059096
          14     1.90666     1.90848  0.00548914
          15     1.87885      1.9065    0.005467
          16     1.91863     1.90726  0.00517762
          17     1.85195     1.90401  0.00580597
          18     1.89483      1.9035  0.00550575
          19     1.91895     1.90431   0.0052757
          20      1.9096     1.90457  0.00501854
           1     2.05623     2.05623           0
           2     2.01232     2.03427   0.0155234
           3     2.00526      2.0246   0.0130176
           4     2.01925     2.02327  0.00983171
           5      2.0205     2.02271  0.00788089
           6     2.03584      2.0249  0.00686462
           7     2.06563     2.03072  0.00797781
           8     2.06571     2.03509  0.00809135
           9     1.98029       2.029  0.00920294
          10     2.04356     2.03046  0.00839689
          11     2.03835     2.03118   0.0076641
          12     2.05865     2.03347  0.00735938
          13     2.01633     2.03215  0.00691026
          14      2.0318     2.03212  0.00641672
          15     2.02425      2.0316  0.00601037
          16     2.00973     2.03023  0.00578809
          17     2.01668     2.02943  0.00550225
          18     1.98737      2.0271  0.00567121
          19      2.0582     2.02873  0.00560396
          20     2.00661     2.02763  0.00543189
           1     2.20393     2.20393           0
           2     2.13463     2.16928    0.024502
           3     2.19769     2.17875   0.0180716
           4     2.18929     2.18139   0.0137443
           5     2.17859     2.18083   0.0110068
           6     2.19107     2.18253  0.00930379
           7     2.20244     2.18538  0.00839792
           8      2.2162     2.18923  0.00818463
           9     2.19244     2.18959  0.00728302
          10     2.21584     2.19221  0.00701192
          11     2.18935     2.19195  0.00637931
          12     2.17206     2.19029  0.00605922
          13     2.19229     2.19045  0.00559508
          14     2.21926     2.19251  0.00556113
          15     2.19269     2.19252   0.0051904
          16     2.22277     2.19441  0.00519897
          17      2.2206     2.19595  0.00511628
          18     2.18263     2.19521  0.00488524
          19     2.23046     2.19706  0.00496787
          20     2.18686     2.19655  0.00474561
           1     2.32852     2.32852           0
           2     2.35297     2.34075  0.00864495
           3      2.3722     2.35123   0.0103195
           4     2.35994     2.35341  0.00796598
           5     2.35491     2.35371  0.00637846
           6     2.37142     2.35666  0.00595967
           7     2.31274     2.35039  0.00773565
           8     2.37752     2.35378  0.00747523
           9     2.33048     2.35119  0.00707882
          10     2.32421     2.34849  0.00686585
          11     2.35173     2.34879  0.00624798
          12     2.33488     2.34763  0.00583379
          13     2.35036     2.34784  0.00538883
          14     2.34528     2.34765  0.00500701
          15     2.36851     2.34904  0.00486238
          16     2.32715     2.34768  0.00474708
          17      2.3293      2.3466  0.00458921
          18     2.28488     2.34317  0.00546694
          19     2.35439     2.34376  0.00521099
          20     2.36925     2.34503  0.00510392
           1     2.54773     2.54773           0
           2     2.49735     2.52254   0.0178123
           3     2.55626     2.53378   0.0150079
           4     2.52864     2.53249   0.0113107
           5     2.56281     2.53856   0.0105489
           6      2.5407     2.53891  0.00879683
           7     2.50928     2.53468  0.00849773
           8     2.53783     2.53507   0.0074446
           9     2.53289     2.53483  0.00662136
          10     2.57015     2.53836  0.00683669
          11     2.54786     2.53923  0.00626944
          12     2.52262     2.53784  0.00589773
          13     2.49216     2.53433  0.00640584
          14     2.58595     2.53802   0.0069285
          15     2.53623      2.5379  0.00646763
          16     2.53898     2.53797  0.00606376
          17     2.49633     2.53552  0.00618186
          18      2.5242     2.53489   0.0058703
          19      2.5168     2.53394  0.00563798
          20     2.54631     2.53455  0.00538991
           1     2.70186     2.70186           0
           2     2.72434      2.7131  0.00794847
           3     2.76214     2.72945   0.0143607
           4     2.73915     2.73187   0.0109735
           5      2.7718     2.73986   0.0113174
           6     2.77212     2.74524   0.0106321
           7     2.79688     2.75261   0.0113891
           8     2.78849      2.7571   0.0108123
           9     2.63715     2.74377   0.0158199
          10     2.79823     2.74922   0.0151464
          11      2.7085     2.74552   0.0142144
          12     2.66596     2.73889   0.0144937
          13     2.72206     2.73759   0.0134365
          14     2.76852      2.7398   0.0126571
          15     2.66968     2.73513   0.0126472
          16     2.74354     2.73565   0.0118676
          17     2.77883     2.73819   0.0114381
          18     2.73602     2.73807   0.0108033
          19     2.68007     2.73502   0.0106572
          20     2.75015     2.73578   0.0101512
           1      3.0068      3.0068           0
           2     2.96478     2.98579   0.0148593
           3     2.92289     2.96482   0.0197796
           4     2.95221     2.96167    0.015084
           5     2.99278     2.96789   0.0132887
           6     2.94916     2.96477   0.0114347
           7     3.02895     2.97394   0.0129657
           8     3.02422     2.98022   0.0127778
           9     2.95808     2.97776   0.0115926
          10     2.96098     2.97608   0.0105541
          11     3.00244     2.97848  0.00986296
          12     2.97828     2.97846  0.00904106
          13     2.92257     2.97416   0.0093119
          14     2.95623     2.97288   0.0087344
          15     2.98395     2.97362  0.00818318
          16     2.94869     2.97206  0.00781863
          17     2.94621     2.97054  0.00750516
          18      2.9747     2.97077  0.00709177
          19     2.97255     2.97087  0.00671913
          20     2.99874     2.97226  0.00652616
           1     3.22623     3.22623           0
           2     3.19561     3.21092   0.0108255
           3     3.20805     3.20996  0.00725933
           4     3.31991     3.23745   0.0244195
           5       3.312     3.25236   0.0236528
           6      3.2402     3.25033   0.0197973
           7     3.23504     3.24815   0.0170893
           8     3.22981     3.24586   0.0151062
           9     3.32602     3.25476   0.0158373
          10      3.2148     3.25077    0.014749
          11     3.16877     3.24331   0.0151753
          12     3.22119     3.24147   0.0140222
          13     3.24249     3.24155   0.0129438
          14     3.32291     3.24736   0.0132599
          15     3.27176     3.24899   0.0124754
          16     3.25032     3.24907   0.0116959
          17     3.27185     3.25041   0.0110844
          18     3.29381     3.25282   0.0107276
          19     3.30687     3.25567   0.0105335
          20     3.23429      3.2546   0.0100609
           1     3.56558     3.56558           0
           2     3.48842       3.527   0.0272787
           3     3.55389     3.53596   0.0196028
           4     3.60573     3.55341   0.0210786
           5      3.6693     3.57658   0.0267245
           6     3.56464     3.57459   0.0223444
           7     3.54364     3.57017    0.019585
           8      3.5527     3.56799   0.0172582
           9     3.52892     3.56365   0.0158771
          10     3.61237     3.56852   0.0150183
          11     3.60922     3.57222   0.0141014
          12     3.65376     3.57902   0.0144712
          13     3.53816     3.57587   0.0136951
          14     3.58484     3.57651   0.0127319
          15     3.57446     3.57638   0.0118838
          16     3.62191     3.57922   0.0114768
          17     3.57537       3.579    0.010804
          18     3.62816     3.58173   0.0105434
          19      3.6024     3.58281   0.0100444
          20     3.56752     3.58205  0.00957128
           1     3.99316     3.99316           0
           2     3.91055     3.95185   0.0292068
           3     3.99564     3.96645   0.0228284
           4     4.01626      3.9789   0.0202348
           5     4.00682     3.98448   0.0169408
           6     4.00177     3.98736   0.0143602
           7     3.98431     3.98693   0.0123154
           8     3.96209     3.98382   0.0111605
           9      3.9975     3.98534   0.0100233
          10     3.97806     3.98462  0.00904732
          11     3.98044     3.98424  0.00823278
          12      4.0275     3.98784  0.00829876
          13     3.93628     3.98387  0.00855602
          14     4.01803     3.98631  0.00828535
          15     4.01092     3.98795  0.00789375
          16      4.0273     3.99041  0.00777391
          17     3.97288     3.98938  0.00738472
          18     3.97191     3.98841  0.00703798
          19     3.97407     3.98766  0.00670793
          20     3.84758     3.98065  0.00933867
           1     4.43384     4.43384           0
           2     4.32042     4.37713   0.0401007
           3     4.26963      4.3413    0.039633
           4     4.38899     4.35322   0.0314671
           5     4.28163      4.3389   0.0282444
           6     4.41721     4.35195   0.0263803
           7     4.42626     4.36257   0.0246549
           8     4.37989     4.36473    0.021668
           9     4.41173     4.36996   0.0198796
          10     4.47285     4.38025   0.0203813
          11     4.38637      4.3808   0.0185361
          12     4.37746     4.38052   0.0169935
          13     4.49884     4.38962    0.017959
          14     4.51886     4.39886   0.0189002
          15     4.36091     4.39633   0.0178087
          16     4.42965     4.39841   0.0168169
          17     4.37237     4.39688   0.0158973
          18     4.43027     4.39873    0.015122
          19     4.45949     4.40193   0.0146603
          20     4.41942      4.4028   0.0139534
           1      4.9644      4.9644           0
           2     5.15561        5.06   0.0676009
           3     4.97098     5.03033   0.0511677
           4     4.77993     4.96773    0.066421
           5     4.92321     4.95883   0.0537302
           6     4.94377     4.95632   0.0448337
           7     5.08569      4.9748   0.0420663
           8     5.01302     4.97958   0.0370783
           9       5.061     4.98862   0.0340442
          10     4.94101     4.98386   0.0309709
          11     5.03239     4.98827   0.0284678
          12      4.9276     4.98322   0.0265407
          13     4.83837     4.97207   0.0267359
          14     4.96603     4.97164   0.0248297
          15     4.99486     4.97319   0.0232226
          16     4.88298     4.96755   0.0224452
          17      4.8915     4.96308   0.0215661
          18     4.86095     4.95741   0.0211011
          19     5.01185     4.96027   0.0201841
          20     4.97344     4.96093   0.0191857
           1     5.49767     5.49767           0
           2     5.53324     5.51545   0.0125744
           3     5.68121      5.5707   0.0458855
           4     5.45538     5.54187   0.0425183
           5     5.46228     5.52595   0.0368746
           6     5.51374     5.52392    0.030785
           7     5.56369      5.5296   0.0269065
           8     5.68739     5.54932    0.029911
           9     5.54781     5.54915    0.026588
          10     5.59965      5.5542   0.0244039
          11     5.84581     5.58071   0.0336313
          12     5.56163     5.57912   0.0308663
          13     5.60493     5.58111   0.0285557
          14     5.57917     5.58097   0.0265163
          15     5.62096     5.58364   0.0248823
          16      5.7309     5.59284   0.0249715
          17     5.53363     5.58936   0.0237442
          18     5.68831     5.59485   0.0230528
          19     5.63441     5.59694   0.0219333
          20     5.56808     5.59549    0.020884
           1     6.28118     6.28118           0
           2     6.47918     6.38018   0.0700028
           3     6.39575     6.38537   0.0468604
           4     6.26556     6.35542    0.043681
           5     6.51526     6.38739   0.0451523
           6     6.13355     6.34508   0.0539197
           7     6.26428     6.33354   0.0474362
           8     6.23166      6.3208   0.0431822
           9     6.40652     6.33033   0.0394205
          10     6.40913     6.33821   0.0362575
          11     6.52061     6.35479   0.0365571
          12     6.50908     6.36765   0.0357003
          13     6.43374     6.37273   0.0333142
          14     6.30202     6.36768   0.0313151
          15     6.42748     6.37167   0.0294801
          16     6.05742     6.35203    0.033548
          17     6.23915     6.34539    0.032225
          18      6.1956     6.33707   0.0314907
          19     6.40986      6.3409   0.0300655
          20     6.46937     6.34732   0.0292404
           1     7.45983     7.45983           0
           2     7.45549     7.45766  0.00153414
           3     7.40901     7.44144   0.0132808
           4     7.49632     7.45516   0.0155035
           5     7.69422     7.50297   0.0445258
           6     7.29798     7.46881   0.0484719
           7     7.30548     7.44547   0.0468275
           8     7.48758     7.45074   0.0412688
           9     7.07756     7.40927   0.0536092
          10     7.40316     7.40866   0.0482518
          11     7.46148     7.41346   0.0441035
          12     7.33233      7.4067   0.0409431
          13     7.35449     7.40269   0.0379901
          14     7.48402     7.40849    0.035718
          15     7.25618     7.39834   0.0347503
          16     7.41148     7.39916   0.0325881
          17     7.40298     7.39939   0.0306719
          18     7.28867     7.39323   0.0295782
          19     7.49939     7.39882   0.0285443
          20     7.51578     7.40467   0.0277096
           1     8.53336     8.53336           0
           2     8.53322     8.53329 5.21027e-05
           3     8.65123      8.5726   0.0320999
           4     8.74413     8.61548   0.0442568
           5     8.26158      8.5447   0.0725359
           6     8.55392     8.54624   0.0604629
           7     8.35665     8.51916   0.0575727
           8     8.31799     8.49401    0.055597
           9     9.06451      8.5574   0.0775495
          10     8.77778     8.57944   0.0728586
          11     8.83351     8.60253   0.0698005
          12      8.4192     8.58726   0.0656344
          13     8.88625     8.61026   0.0644895
          14     8.56533     8.60705   0.0599629
          15     8.96948     8.63121   0.0606383
          16     8.40874     8.61731   0.0584209
          17     8.85922     8.63154    0.056691
          18     8.44627     8.62124   0.0544678
          19     8.55768      8.6179   0.0517037
          20     8.48749     8.61138    0.049528
           1     10.2493     10.2493           0
           2     10.4603     10.3548   0.0745998
           3     10.2238     10.3111   0.0611941
           4     10.4799     10.3533   0.0586611
           5     9.96096     10.2749   0.0844326
           6     10.2838     10.2763   0.0703737
           7     10.1882     10.2638   0.0614356
           8     10.1205     10.2459   0.0563068
           9      10.832      10.311   0.0792181
          10     10.3924     10.3191   0.0717134
          11     10.0514     10.2948   0.0692006
          12     10.4516     10.3078   0.0646554
          13     10.2729     10.3052   0.0597376
          14      9.9745     10.2815   0.0599584
          15     10.5109     10.2968   0.0578786
          16     10.1645     10.2886   0.0548489
          17     10.1731     10.2818   0.0520411
          18     9.89279     10.2602   0.0534488
          19     10.3081     10.2627   0.0506952
          20     10.5242     10.2758   0.0498187
           1     12.2043     12.2043           0
           2     12.2217      12.213  0.00615665
           3     12.6706     12.3655    0.124606
           4     12.8047     12.4753    0.133324
           5     12.8244     12.5452    0.123592
           6     12.4894     12.5359    0.103342
           7     12.6565     12.5531   0.0900033
           8     12.5006     12.5465   0.0789914
           9     11.7858      12.462    0.106215
          10     12.1658     12.4324   0.0996368
          11     12.5333     12.4416   0.0910006
          12     12.8849     12.4785   0.0906081
          13     11.7836     12.4251    0.098149
          14     12.2066     12.4094   0.0923706
          15     12.6331     12.4244   0.0874079
          16      12.237     12.4126    0.082726
          17     12.3463     12.4087   0.0779518
          18     12.2457     12.3997   0.0741454
          19     12.1227     12.3851   0.0716623
          20      12.019     12.3668   0.0703781
           1     15.3944     15.3944           0
           2     14.8351     15.1148    0.197752
           3     15.2719     15.1671    0.138597
           4     15.6468     15.2871     0.14694
           5     15.3143     15.2925    0.117653
           6      15.651     15.3523    0.112193
           7     15.2875      15.343   0.0965459
           8     15.5107      15.364   0.0867233
           9     15.3099      15.358   0.0772949
          10     14.9495     15.3171   0.0796294
          11     15.2212     15.3084   0.0728659
          12     15.3964     15.3157   0.0671619
          13     15.3697     15.3199   0.0621239
          14     14.7899      15.282   0.0682519
          15     15.1611      15.274   0.0641766
          16     15.5797     15.2931   0.0629451
          17     14.7826      15.263   0.0660183
          18     15.1874     15.2588   0.0624843
          19     16.0713     15.3016   0.0723632
          20     15.0885     15.2909   0.0695254
           1     19.8423     19.8423           0
           2     19.0481     19.4452    0.280761
           3     18.9512     19.2805    0.230453
           4     19.4896     19.3328    0.178667
           5     19.1857     19.3034    0.145337
           6     20.3826     19.4832    0.204033
           7     19.8235     19.5319    0.180583
           8     18.4347     19.3947    0.203534
           9     19.7712     19.4365    0.185168
          10     19.4078     19.4337    0.166673
          11     18.9626     19.3908    0.156925
          12     18.0463     19.2788    0.179444
          13     18.9147     19.2508    0.167812
          14     18.6942      19.211    0.160465
          15     18.4208     19.1584    0.158179
          16     18.9202     19.1435    0.148991
          17     19.2726     19.1511     0.14042
          18     19.6763     19.1803    0.135617
          19      18.955     19.1684    0.128996
          20     19.3865     19.1793    0.123006
           1     24.6103     24.6103           0
           2     25.9106     25.2604    0.459742
           3     24.4462      24.989    0.378217
           4     24.7915     24.9396    0.286867
           5     23.2438     24.6005    0.380389
           6     24.9891     24.6653    0.322459
           7     24.8382       24.69    0.277339
           8     23.9922     24.6027    0.256021
           9     25.0352     24.6508    0.232039
          10     24.0551     24.5912    0.216345
          11     23.9347     24.5315    0.204744
          12     24.7178     24.5471    0.188269
          13     26.4387     24.6926    0.223041
          14     25.2642     24.7334    0.210814
          15     25.1898     24.7638    0.198943
          16     24.4139      24.742    0.187707
          17     25.3966     24.7805    0.180572
          18     25.9612     24.8461    0.182065
          19     24.2375      24.814    0.175278
          20     26.3538      24.891    0.182642
           1     34.1696     34.1696           0
           2     31.8552     33.0124    0.818296
           3     31.0084     32.3444    0.771428
           4     33.6793     32.6781    0.646742
           5     32.4447     32.6314    0.519076
           6     30.3722     32.2549    0.552501
           7     35.1357     32.6664    0.607819
           8     31.7219     32.5484    0.543188
           9     31.5651     32.4391    0.493699
          10     31.3598     32.3312    0.455974
          11     34.0129     32.4841    0.439404
          12     32.5361     32.4884    0.402808
          13     34.8923     32.6733    0.412087
          14     32.7619     32.6796      0.3827
          15     33.4465     32.7308    0.360585
          16     33.8479     32.8006    0.344742
          17      31.936     32.7497    0.328193
          18      31.708     32.6919    0.315022
          19     30.8817     32.5966    0.312515
          20     33.0542     32.6195    0.297726
           1     45.5083     45.5083           0
           2     45.3625     45.4354   0.0515316
           3     42.7038     44.5249     0.74426
           4     43.9359     44.3776    0.572576
           5     42.3775     43.9776    0.581234
           6      43.907     43.9658    0.484481
           7     41.7681     43.6519    0.506893
           8     44.9145     43.8097    0.467457
           9     45.0339     43.9457    0.434856
          10     46.3386      44.185    0.452441
          11      41.518     43.9425    0.471821
          12     47.8614     44.2691    0.533683
          13      45.488     44.3629    0.500799
          14     42.6656     44.2416    0.479478
          15      43.981     44.2243    0.447827
          16     45.0868     44.2782    0.423071
          17     44.3755     44.2839    0.398223
          18     41.7516     44.1432    0.400178
          19       45.67     44.2236      0.3871
          20     41.1287     44.0688    0.397473
           1     55.0195     55.0195           0
           2     62.8796     58.9496     2.77897
           3     58.3518     58.7503     1.85978
           4     62.0069     59.5645     1.56291
           5     58.4237     59.3363     1.26688
           6     57.9746     59.1093     1.07587
           7     61.1928      59.407     0.96246
           8     62.5555     59.8005    0.919103
           9       62.45     60.0949    0.862839
          10      58.624     59.9478    0.788994
          11     63.0812     60.2327    0.766966
          12     55.1512     59.8092    0.811575
          13     58.4062     59.7013    0.756288
          14     57.4622     59.5414     0.71898
          15     61.0573     59.6424    0.678114
          16      61.398     59.7521    0.644547
          17     59.5565     59.7406    0.606735
          18      59.022     59.7007     0.57434
          19     60.6827     59.7524    0.546432
          20     59.2543     59.7275    0.519678
