           1   -0.461785   -0.461785           0
           2   -0.461847   -0.461816 2.20617e-05
           3    -0.46232   -0.461984 0.000137958
           4    -0.46219   -0.462036 0.000112706
           5   -0.462151   -0.462059 9.25056e-05
           6   -0.461722   -0.462003  9.2525e-05
           7   -0.462226   -0.462035 8.46478e-05
           8   -0.462298   -0.462068 8.02317e-05
           9   -0.462096   -0.462071 7.13791e-05
          10   -0.462146   -0.462078 6.46324e-05
          11   -0.462077   -0.462078 5.87568e-05
          12   -0.461835   -0.462058 5.72412e-05
          13   -0.462792   -0.462114 7.57338e-05
          14   -0.462346   -0.462131 7.21154e-05
          15   -0.461641   -0.462098 7.43422e-05
          16    -0.46242   -0.462118 7.23646e-05
          17   -0.462314    -0.46213 6.90207e-05
          18   -0.462206   -0.462134 6.53143e-05
          19   -0.461614   -0.462107 6.73771e-05
          20   -0.463682   -0.462185 9.99391e-05
           1   -0.472786   -0.472786           0
           2   -0.471929   -0.472358 0.000303207
           3   -0.471636   -0.472117 0.000281835
           4    -0.47261    -0.47224 0.000236751
           5   -0.472379   -0.472268 0.000191026
           6   -0.471642   -0.472164 0.000185536
           7   -0.473438   -0.472346 0.000231773
           8   -0.471891   -0.472289 0.000209649
           9   -0.471993   -0.472256 0.000188918
          10   -0.472971   -0.472328 0.000183065
          11   -0.472612   -0.472353 0.000168239
          12   -0.471574   -0.472288 0.000166296
          13   -0.472891   -0.472335 0.000159838
          14   -0.471948   -0.472307  0.00015079
          15   -0.472642   -0.472329 0.000142384
          16   -0.471535    -0.47228 0.000141875
          17   -0.471919   -0.472259 0.000135107
          18   -0.471503   -0.472217 0.000133961
          19   -0.473202   -0.472269 0.000136572
          20   -0.471182   -0.472214  0.00014014
           1   -0.483134   -0.483134           0
           2   -0.481767   -0.482451 0.000483378
           3   -0.483401   -0.482767 0.000413156
           4   -0.482237   -0.482635 0.000330482
           5   -0.482036   -0.482515 0.000285261
           6   -0.483522   -0.482683 0.000282776
           7   -0.482834   -0.482704 0.000243199
           8   -0.482928   -0.482732   0.0002144
           9   -0.483682   -0.482838 0.000214963
          10    -0.48233   -0.482787 0.000199383
          11   -0.482155    -0.48273 0.000189349
          12   -0.482739    -0.48273 0.000173571
          13    -0.48276   -0.482733 0.000160235
          14    -0.48262   -0.482725 0.000148991
          15   -0.482103   -0.482683 0.000144703
          16   -0.482518   -0.482673 0.000136028
          17   -0.482778   -0.482679 0.000128168
          18   -0.482353   -0.482661 0.000122322
          19   -0.482877   -0.482672 0.000116411
          20   -0.482436    -0.48266 0.000111188
           1   -0.494156   -0.494156           0
           2   -0.493922   -0.494039 8.28729e-05
           3   -0.493839   -0.493972 7.74825e-05
           4   -0.492849   -0.493691 0.000250083
           5   -0.493459   -0.493645 0.000204333
           6   -0.492834    -0.49351 0.000210316
           7    -0.49426   -0.493617 0.000205777
           8   -0.493329   -0.493581  0.00018318
           9   -0.492966   -0.493513 0.000175089
          10   -0.493239   -0.493485 0.000159701
          11   -0.493162   -0.493456 0.000147856
          12   -0.493837   -0.493488 0.000138899
          13   -0.493783    -0.49351 0.000130062
          14   -0.493571   -0.493515 0.000120844
          15   -0.492784   -0.493466 0.000122214
          16   -0.493034   -0.493439 0.000117515
          17   -0.493179   -0.493424 0.000111592
          18   -0.493162   -0.493409 0.000106338
          19   -0.493122   -0.493394 0.000101807
          20   -0.494288   -0.493439 0.000106075
           1   -0.504733   -0.504733           0
           2   -0.504409   -0.504571 0.000114551
           3   -0.504971   -0.504704  0.00013307
           4   -0.505489     -0.5049 0.000197007
           5   -0.504739   -0.504868 0.000160222
           6   -0.504054   -0.504733 0.000182088
           7   -0.504904   -0.504757 0.000157714
           8   -0.505196   -0.504812 0.000147236
           9   -0.504722   -0.504802 0.000131218
          10   -0.503959   -0.504718  0.00014261
          11   -0.505357   -0.504776 0.000140988
          12    -0.50429   -0.504735 0.000134933
          13   -0.504654   -0.504729 0.000124699
          14   -0.505534   -0.504786 0.000128357
          15     -0.5047   -0.504781 0.000119929
          16   -0.504808   -0.504782 0.000112446
          17   -0.504578    -0.50477 0.000106469
          18   -0.504574   -0.504759 0.000101114
          19   -0.505414   -0.504794 0.000101498
          20   -0.503651   -0.504737 0.000111349
           1   -0.515711   -0.515711           0
           2   -0.516496   -0.516104 0.000277469
           3     -0.5162   -0.516136 0.000186831
           4   -0.515954    -0.51609 0.000145519
           5   -0.517514   -0.516375 0.000279944
           6   -0.517082   -0.516493 0.000256914
           7   -0.516545     -0.5165 0.000220319
           8   -0.517138    -0.51658 0.000206678
           9   -0.517019   -0.516629 0.000189388
          10   -0.516856   -0.516652 0.000171806
          11   -0.516817   -0.516667 0.000156843
          12   -0.515656   -0.516582 0.000164837
          13   -0.517481   -0.516651 0.000166015
          14    -0.51628   -0.516625 0.000156263
          15   -0.516264   -0.516601 0.000147686
          16   -0.516796   -0.516613 0.000138958
          17   -0.516569    -0.51661 0.000130809
          18    -0.51607    -0.51658 0.000126946
          19   -0.515986   -0.516549 0.000124054
          20   -0.516291   -0.516536  0.00011852
           1   -0.528784   -0.528784           0
           2   -0.528415     -0.5286  0.00013039
           3    -0.52757   -0.528256 0.000293499
           4   -0.529355   -0.528531 0.000324135
           5   -0.528545   -0.528534  0.00025932
           6   -0.529303   -0.528662 0.000245772
           7   -0.528946   -0.528703 0.000213975
           8   -0.528088   -0.528626 0.000200542
           9   -0.528259   -0.528585 0.000182347
          10   -0.527859   -0.528512 0.000177971
          11   -0.529044   -0.528561 0.000168226
          12   -0.528569   -0.528561 0.000154208
          13    -0.52831   -0.528542  0.00014355
          14   -0.529836   -0.528635 0.000160311
          15   -0.529012    -0.52866 0.000151586
          16   -0.527962   -0.528616 0.000148258
          17   -0.527288   -0.528538  0.00015879
          18   -0.529611   -0.528598 0.000160774
          19   -0.529196   -0.528629 0.000155367
          20   -0.529389   -0.528667 0.000152172
           1   -0.543154   -0.543154           0
           2   -0.541811   -0.542483 0.000474893
           3    -0.54021   -0.541725 0.000694986
           4   -0.541034   -0.541552 0.000542313
           5   -0.540626   -0.541367 0.000464385
           6   -0.540584   -0.541237 0.000404911
           7   -0.541489   -0.541273 0.000348666
           8   -0.541409    -0.54129 0.000305498
           9   -0.540178   -0.541166 0.000295485
          10   -0.541324   -0.541182 0.000266358
          11   -0.541282   -0.541191 0.000242301
          12   -0.541358   -0.541205  0.00022251
          13   -0.541077   -0.541195 0.000205612
          14   -0.540262   -0.541128 0.000201447
          15   -0.542515   -0.541221 0.000208154
          16   -0.541467   -0.541236 0.000195713
          17    -0.54134   -0.541242 0.000184296
          18   -0.541027    -0.54123 0.000174444
          19   -0.541759   -0.541258 0.000167469
          20   -0.542066   -0.541299 0.000163898
           1   -0.555304   -0.555304           0
           2   -0.554258   -0.554781 0.000369958
           3   -0.555486   -0.555016 0.000312586
           4   -0.554563   -0.554903 0.000254111
           5   -0.554516   -0.554825 0.000214742
           6   -0.554965   -0.554849 0.000180203
           7   -0.555324   -0.554917 0.000166764
           8   -0.554724   -0.554893 0.000147646
           9   -0.555022   -0.554907 0.000131944
          10   -0.555402   -0.554956 0.000127686
          11   -0.553413   -0.554816 0.000177132
          12   -0.553143   -0.554677 0.000210188
          13   -0.554416   -0.554657 0.000194974
          14    -0.55491   -0.554675 0.000181882
          15   -0.554156    -0.55464 0.000173013
          16   -0.554527   -0.554633 0.000162343
          17   -0.555231   -0.554668  0.00015656
          18   -0.554851   -0.554678 0.000148192
          19   -0.554378   -0.554663 0.000141231
          20   -0.554639   -0.554661 0.000134174
           1    -0.56785    -0.56785           0
           2   -0.567892   -0.567871 1.49907e-05
           3   -0.569629   -0.568457 0.000478571
           4   -0.568786   -0.568539 0.000365954
           5   -0.568298   -0.568491 0.000295936
           6   -0.570182   -0.568773 0.000356353
           7   -0.568286   -0.568703 0.000312165
           8   -0.568788   -0.568714 0.000273325
           9   -0.568803   -0.568724 0.000243136
          10   -0.567833   -0.568635 0.000234576
          11   -0.568842   -0.568653 0.000214004
          12   -0.567812   -0.568583 0.000207339
          13   -0.567814   -0.568524 0.000199647
          14   -0.569086   -0.568564 0.000189372
          15   -0.567382   -0.568485 0.000192461
          16   -0.567726   -0.568438 0.000186198
          17   -0.568065   -0.568416 0.000176534
          18   -0.568308    -0.56841 0.000166828
          19    -0.56867   -0.568424 0.000158607
          20   -0.568286   -0.568417 0.000150825
           1   -0.582669   -0.582669           0
           2   -0.581366   -0.582017 0.000460751
           3   -0.582902   -0.582312 0.000390377
           4   -0.582581   -0.582379   0.0002985
           5   -0.582421   -0.582388 0.000238915
           6   -0.582421   -0.582393 0.000199159
           7   -0.582411   -0.582396 0.000170725
           8   -0.582967   -0.582467 0.000163646
           9   -0.583927   -0.582629 0.000211072
          10   -0.583523   -0.582719 0.000208029
          11   -0.582509     -0.5827 0.000189992
          12   -0.582928   -0.582719 0.000175109
          13    -0.58219   -0.582678 0.000166288
          14    -0.58306   -0.582705 0.000156632
          15   -0.583478   -0.582757 0.000154435
          16   -0.584158   -0.582844 0.000167771
          17   -0.583421   -0.582878 0.000161291
          18   -0.582623   -0.582864 0.000152952
          19   -0.582135   -0.582826 0.000149637
          20   -0.583494   -0.582859 0.000145841
           1   -0.597775   -0.597775           0
           2   -0.598344    -0.59806 0.000201101
           3   -0.598697   -0.598272 0.000219203
           4   -0.597275   -0.598023   0.0002713
           5    -0.59766    -0.59795 0.000226535
           6   -0.598206   -0.597993  0.00019276
           7   -0.597069   -0.597861 0.000205519
           8    -0.59834   -0.597921 0.000188352
           9    -0.59752   -0.597876 0.000172608
          10   -0.597257   -0.597814 0.000166092
          11   -0.597765    -0.59781 0.000151053
          12   -0.597858   -0.597814 0.000138518
          13   -0.596564   -0.597718 0.000157736
          14   -0.597608    -0.59771 0.000146663
          15   -0.597852   -0.597719 0.000137192
          16   -0.598042    -0.59774 0.000130095
          17   -0.597256   -0.597711 0.000125513
          18    -0.59661    -0.59765  0.00013262
          19   -0.596553   -0.597592 0.000137637
          20   -0.598131   -0.597619 0.000133368
           1   -0.613618   -0.613618           0
           2   -0.614123    -0.61387 0.000178757
           3   -0.612144   -0.613295 0.000484744
           4   -0.612775   -0.613165 0.000380574
           5   -0.613597   -0.613251 0.000314104
           6   -0.612622   -0.613146 0.000278739
           7    -0.61234   -0.613031 0.000261644
           8   -0.612304    -0.61294 0.000244219
           9   -0.612354   -0.612875 0.000225593
          10   -0.612994   -0.612887 0.000203344
          11    -0.61385   -0.612975 0.000202843
          12    -0.61349   -0.613018 0.000190425
          13   -0.612909   -0.613009 0.000175961
          14   -0.613547   -0.613048 0.000167536
          15    -0.61272   -0.613026 0.000157784
          16   -0.614138   -0.613095 0.000162526
          17   -0.612842    -0.61308 0.000153645
          18   -0.613445   -0.613101 0.000146437
          19   -0.613269    -0.61311 0.000138997
          20   -0.613546   -0.613131 0.000133746
           1   -0.629965   -0.629965           0
           2   -0.628708   -0.629336 0.000444346
           3   -0.630116   -0.629596  0.00036438
           4   -0.629006   -0.629449 0.000301727
           5   -0.630786   -0.629716 0.000339805
           6   -0.630426   -0.629834 0.000303097
           7    -0.62787   -0.629554 0.000367456
           8   -0.630562    -0.62968 0.000342442
           9   -0.629293   -0.629637 0.000307079
          10   -0.629772    -0.62965 0.000276669
          11   -0.629803   -0.629664 0.000251866
          12   -0.630344   -0.629721 0.000237164
          13   -0.630134   -0.629753 0.000221044
          14   -0.629935   -0.629766  0.00020564
          15   -0.629122   -0.629723 0.000196362
          16   -0.629699   -0.629721 0.000184095
          17   -0.629849   -0.629729 0.000173418
          18   -0.628846    -0.62968 0.000170584
          19   -0.629859   -0.629689 0.000161867
          20   -0.628707    -0.62964 0.000161047
           1   -0.647027   -0.647027           0
           2   -0.645759   -0.646393 0.000448306
           3   -0.646946   -0.646578 0.000334653
           4   -0.645647   -0.646345 0.000321827
           5   -0.646594   -0.646395 0.000261274
           6   -0.646283   -0.646376 0.000218389
           7   -0.646706   -0.646423 0.000192195
           8   -0.646375   -0.646417 0.000168264
           9   -0.646366   -0.646412 0.000149663
          10   -0.647023   -0.646473 0.000146664
          11   -0.646965   -0.646517 0.000139987
          12   -0.647964   -0.646638 0.000172588
          13   -0.646648   -0.646639 0.000159314
          14   -0.647148   -0.646675  0.00015203
          15   -0.645972   -0.646628 0.000148946
          16   -0.647014   -0.646652 0.000141578
          17   -0.646454   -0.646641 0.000133732
          18    -0.64583   -0.646596 0.000133665
          19    -0.64577   -0.646552 0.000133501
          20   -0.645746   -0.646512 0.000132779
           1   -0.663808   -0.663808           0
           2   -0.663983   -0.663896 6.19426e-05
           3   -0.664544   -0.664112 0.000181239
           4   -0.663338   -0.663918 0.000215797
           5   -0.664007   -0.663936  0.00017337
           6    -0.66355   -0.663872 0.000155932
           7   -0.665197   -0.664061 0.000220403
           8    -0.66381    -0.66403 0.000195067
           9   -0.665093   -0.664148 0.000206077
          10   -0.664669     -0.6642 0.000191941
          11   -0.663506   -0.664137 0.000184579
          12   -0.664443   -0.664162 0.000170955
          13   -0.663637   -0.664122 0.000162514
          14   -0.664058   -0.664117 0.000150969
          15   -0.664908    -0.66417 0.000149823
          16   -0.663759   -0.664144 0.000142643
          17   -0.664246    -0.66415 0.000134376
          18   -0.664721   -0.664182 0.000130595
          19   -0.664854   -0.664217 0.000128426
          20   -0.664527   -0.664233 0.000122935
           1   -0.681219   -0.681219           0
           2    -0.68208    -0.68165 0.000304339
           3   -0.681558   -0.681619 0.000204432
           4   -0.682622    -0.68187  0.00026577
           5    -0.68198   -0.681892 0.000213531
           6   -0.682525   -0.681997 0.000202342
           7   -0.682642   -0.682089 0.000193292
           8   -0.682416    -0.68213 0.000173389
           9   -0.682055   -0.682122 0.000154324
          10    -0.68362   -0.682272 0.000198722
          11   -0.682131   -0.682259 0.000181066
          12   -0.682173   -0.682252  0.00016612
          13   -0.682113   -0.682241 0.000153685
          14   -0.682569   -0.682264 0.000144479
          15   -0.681458   -0.682211 0.000144514
          16      -0.682   -0.682198  0.00013608
          17    -0.68168   -0.682167 0.000131436
          18   -0.682434   -0.682182 0.000124971
          19   -0.682849   -0.682217 0.000123224
          20   -0.683151   -0.682264 0.000125604
           1   -0.701038   -0.701038           0
           2   -0.702241    -0.70164 0.000425113
           3   -0.700731   -0.701337 0.000376092
           4   -0.701082   -0.701273  0.00028743
           5   -0.700403   -0.701099  0.00027764
           6   -0.701557   -0.701175 0.000241622
           7    -0.70195   -0.701286 0.000231039
           8   -0.701361   -0.701295 0.000202348
           9   -0.702822   -0.701465 0.000240714
          10   -0.702442   -0.701563 0.000235623
          11   -0.702957   -0.701689 0.000245939
          12   -0.700452   -0.701586 0.000246113
          13   -0.700462     -0.7015 0.000241889
          14   -0.702221   -0.701551 0.000230028
          15   -0.701556   -0.701552 0.000214693
          16    -0.70058   -0.701491 0.000209687
          17   -0.700775   -0.701449 0.000201535
          18   -0.701265   -0.701439 0.000190597
          19   -0.701589   -0.701446  0.00018073
          20    -0.69889   -0.701319 0.000212145
           1    -0.72074    -0.72074           0
           2   -0.720552   -0.720646  6.6468e-05
           3    -0.71966   -0.720317 0.000271989
           4   -0.720556   -0.720377 0.000210435
           5   -0.719769   -0.720255 0.000200444
           6    -0.72083   -0.720351 0.000188562
           7    -0.72093   -0.720434 0.000178815
           8   -0.721495   -0.720566 0.000199705
           9   -0.720238    -0.72053 0.000180828
          10   -0.720674   -0.720544 0.000163315
          11    -0.72121   -0.720605 0.000159299
          12   -0.720242   -0.720575 0.000148873
          13   -0.721938   -0.720679 0.000170387
          14   -0.721302   -0.720724 0.000163909
          15   -0.720402   -0.720702 0.000154377
          16   -0.721151    -0.72073 0.000147254
          17   -0.720446   -0.720714 0.000139542
          18   -0.720696   -0.720713 0.000131793
          19   -0.719668   -0.720658 0.000135844
          20   -0.719758   -0.720613 0.000136305
           1   -0.741511   -0.741511           0
           2    -0.74109   -0.741301 0.000148775
           3   -0.739243   -0.740615 0.000568723
           4   -0.741206   -0.740763  0.00044535
           5   -0.740051    -0.74062 0.000378338
           6   -0.739898     -0.7405 0.000333914
           7   -0.740157   -0.740451 0.000289789
           8   -0.739255   -0.740301 0.000289559
           9   -0.741743   -0.740462 0.000298424
          10   -0.739592   -0.740375 0.000280968
          11   -0.741654   -0.740491  0.00027847
          12   -0.740262   -0.740472 0.000255916
          13   -0.741173   -0.740526 0.000241841
          14   -0.741449   -0.740592 0.000233378
          15   -0.741756   -0.740669 0.000230363
          16   -0.741472    -0.74072 0.000221359
          17   -0.739083   -0.740623  0.00022831
          18   -0.740491   -0.740616 0.000215744
          19   -0.741711   -0.740674  0.00021195
          20   -0.741596    -0.74072 0.000206309
           1   -0.761788   -0.761788           0
           2   -0.761794   -0.761791 2.26273e-06
           3   -0.761376   -0.761653 0.000113013
           4   -0.761878   -0.761709 9.77398e-05
           5   -0.763246   -0.762016  0.00028578
           6   -0.762038    -0.76202 0.000238174
           7   -0.761642   -0.761966 0.000210194
           8   -0.762536   -0.762037 0.000195626
           9   -0.761361   -0.761962 0.000187772
          10   -0.761522   -0.761918 0.000174066
          11   -0.760647   -0.761803 0.000192808
          12    -0.76192   -0.761812 0.000176989
          13   -0.761351   -0.761777 0.000166892
          14   -0.760787   -0.761706 0.000169281
          15   -0.760993   -0.761659 0.000164541
          16   -0.762284   -0.761698 0.000158832
          17   -0.762159   -0.761725 0.000151791
          18   -0.761941   -0.761737 0.000143831
          19   -0.760415   -0.761667 0.000152155
          20   -0.762495   -0.761709 0.000150073
           1   -0.782563   -0.782563           0
           2   -0.782614   -0.782589 1.81019e-05
           3   -0.782282   -0.782487 8.42602e-05
           4   -0.781832   -0.782323 0.000155189
           5   -0.782965   -0.782451 0.000169099
           6   -0.782365   -0.782437  0.00014153
           7   -0.782504   -0.782447 0.000121635
           8   -0.783344   -0.782559 0.000149466
           9   -0.782826   -0.782588 0.000135786
          10   -0.783576   -0.782687 0.000153987
          11   -0.784587    -0.78286 0.000216146
          12   -0.781368   -0.782736 0.000231141
          13   -0.784157   -0.782845 0.000237813
          14    -0.78231   -0.782807  0.00022387
          15   -0.784306   -0.782907  0.00023019
          16   -0.781178   -0.782799 0.000239812
          17   -0.784902   -0.782922 0.000255626
          18   -0.782106   -0.782877 0.000245419
          19   -0.782992   -0.782883 0.000232577
          20    -0.78361   -0.782919 0.000223773
           1    -0.80685    -0.80685           0
           2   -0.803232   -0.805041   0.0012793
           3   -0.802872   -0.804318  0.00103727
           4   -0.803961   -0.804229  0.00078179
           5   -0.803538   -0.804091 0.000637537
           6    -0.80545   -0.804317 0.000570144
           7   -0.804287   -0.804313 0.000488711
           8   -0.804066   -0.804282 0.000428599
           9    -0.80615    -0.80449 0.000428275
          10   -0.804373   -0.804478 0.000385606
          11   -0.803452   -0.804385 0.000361653
          12   -0.804343   -0.804381 0.000331531
          13   -0.805105   -0.804437 0.000310667
          14   -0.803967   -0.804403 0.000290282
          15   -0.804866   -0.804434 0.000272561
          16    -0.80533    -0.80449  0.00026121
          17   -0.804752   -0.804505 0.000246298
          18   -0.804132   -0.804485 0.000233487
          19   -0.804666   -0.804494 0.000221394
          20   -0.805827   -0.804561 0.000220127
           1   -0.825434   -0.825434           0
           2   -0.825742   -0.825588 0.000108894
           3   -0.826166    -0.82578 0.000173255
           4   -0.827538    -0.82622 0.000402215
           5   -0.825653   -0.826106 0.000337379
           6   -0.824374   -0.825818 0.000385421
           7   -0.827147   -0.826008  0.00037425
           8      -0.827   -0.826132 0.000347422
           9   -0.824606   -0.825962 0.000347703
          10   -0.824243    -0.82579 0.000352873
          11   -0.826404   -0.825846 0.000325175
          12   -0.827386   -0.825974 0.000322419
          13   -0.824868   -0.825889 0.000308646
          14   -0.825788   -0.825882 0.000286685
          15    -0.82757   -0.825995 0.000288805
          16   -0.826747   -0.826042 0.000274559
          17   -0.827774   -0.826144 0.000276682
          18   -0.825498   -0.826108 0.000263628
          19   -0.826789   -0.826143 0.000252179
          20   -0.825981   -0.826135 0.000239701
           1      -0.849      -0.849           0
           2   -0.848164   -0.848582 0.000295571
           3    -0.84973   -0.848965 0.000369299
           4   -0.847947    -0.84871 0.000353877
           5   -0.850231   -0.849014 0.000392653
           6    -0.84979   -0.849144  0.00034786
           7   -0.848691   -0.849079 0.000304113
           8   -0.849307   -0.849108 0.000267433
           9   -0.848165   -0.849003 0.000257418
          10   -0.847808   -0.848883  0.00025792
          11   -0.847289   -0.848738 0.000272178
          12    -0.84971   -0.848819 0.000261271
          13   -0.848516   -0.848796 0.000242213
          14   -0.848485   -0.848774 0.000225931
          15   -0.848038   -0.848725 0.000216123
          16   -0.849412   -0.848768 0.000206839
          17    -0.84909   -0.848787 0.000195541
          18   -0.846662   -0.848669 0.000217394
          19   -0.849715   -0.848724 0.000212815
          20   -0.847977   -0.848686 0.000205426
           1   -0.871611   -0.871611           0
           2    -0.86896   -0.870286 0.000937341
           3    -0.86979   -0.870121 0.000639263
           4   -0.871495   -0.870464 0.000564313
           5   -0.870794    -0.87053 0.000455299
           6   -0.872197   -0.870808 0.000456342
           7   -0.870234   -0.870726  0.00039844
           8   -0.869321    -0.87055 0.000385415
           9   -0.872026   -0.870714 0.000375833
          10   -0.871462   -0.870789 0.000345599
          11    -0.86982   -0.870701 0.000325215
          12   -0.868669   -0.870532 0.000339352
          13   -0.868811   -0.870399 0.000338069
          14   -0.868759   -0.870282 0.000333601
          15    -0.87009   -0.870269 0.000311606
          16   -0.869399   -0.870215 0.000296838
          17   -0.870341   -0.870222 0.000279469
          18   -0.871498   -0.870293 0.000272776
          19   -0.869216   -0.870237 0.000264245
          20   -0.870167   -0.870233 0.000251056
           1   -0.891003   -0.891003           0
           2   -0.894536    -0.89277  0.00124903
           3   -0.891406   -0.892315 0.000911605
           4   -0.891782   -0.892182 0.000693367
           5   -0.891183   -0.891982 0.000582759
           6    -0.89189   -0.891967 0.000485837
           7   -0.892849   -0.892093 0.000432462
           8   -0.890793    -0.89193 0.000407793
           9   -0.892732   -0.892019 0.000372085
          10   -0.891642   -0.891982 0.000336789
          11   -0.890579   -0.891854  0.00032942
          12   -0.890798   -0.891766 0.000313513
          13   -0.894731   -0.891994 0.000363004
          14   -0.894806   -0.892195 0.000388673
          15   -0.891657   -0.892159 0.000364414
          16   -0.891714   -0.892131 0.000342696
          17   -0.892511   -0.892154 0.000323266
          18   -0.892941   -0.892197  0.00030825
          19    -0.89291   -0.892235 0.000294302
          20   -0.894508   -0.892349 0.000300733
           1   -0.915628   -0.915628           0
           2   -0.911797   -0.913712  0.00135453
           3   -0.911297   -0.912907    0.001117
           4    -0.91522   -0.913485  0.00097599
           5   -0.912654   -0.913319 0.000794844
           6   -0.910921   -0.912919 0.000756222
           7   -0.915846   -0.913337 0.000754945
           8   -0.912307   -0.913209 0.000671469
           9   -0.912178   -0.913094 0.000606555
          10   -0.910859   -0.912871 0.000585625
          11    -0.91513   -0.913076 0.000567254
          12   -0.913774   -0.913134  0.00052296
          13   -0.917211   -0.913448 0.000569054
          14    -0.91461   -0.913531 0.000534433
          15   -0.913926   -0.913557 0.000499452
          16   -0.915431   -0.913674 0.000481775
          17   -0.912335   -0.913595 0.000459829
          18    -0.91306   -0.913566 0.000435244
          19   -0.911232   -0.913443 0.000429318
          20   -0.914678   -0.913505 0.000412273
           1   -0.936557   -0.936557           0
           2   -0.937052   -0.936804  0.00017508
           3   -0.933255   -0.935621 0.000972996
           4   -0.934698    -0.93539 0.000756656
           5   -0.931404   -0.934593 0.000935384
           6    -0.93546   -0.934738 0.000790566
           7    -0.93196   -0.934341 0.000770803
           8   -0.935731   -0.934515  0.00069377
           9   -0.936238   -0.934706  0.00064258
          10   -0.937724   -0.935008 0.000645309
          11   -0.932438   -0.934774   0.0006275
          12   -0.939878     -0.9352 0.000704734
          13   -0.937318   -0.935363 0.000669092
          14   -0.933254   -0.935212 0.000638019
          15   -0.935542   -0.935234 0.000595862
          16   -0.935976    -0.93528 0.000560423
          17   -0.935725   -0.935306 0.000528067
          18   -0.932865   -0.935171 0.000515858
          19   -0.936144   -0.935222 0.000491244
          20   -0.931383    -0.93503 0.000502783
           1   -0.950576   -0.950576           0
           2   -0.958412   -0.954494  0.00277044
           3   -0.954716   -0.954568  0.00184795
           4   -0.957236   -0.955235  0.00150152
           5   -0.954619   -0.955112  0.00120626
           6    -0.95433   -0.954982  0.00101222
           7   -0.957119   -0.955287 0.000912518
           8    -0.95929   -0.955787 0.000925556
           9   -0.958461   -0.956084 0.000869076
          10   -0.954603   -0.955936 0.000794691
          11   -0.960044    -0.95631 0.000805418
          12   -0.951074   -0.955873 0.000848272
          13   -0.954483   -0.955767 0.000789732
          14   -0.954167   -0.955652 0.000741539
          15   -0.957329   -0.955764 0.000700476
          16   -0.956989   -0.955841 0.000660865
          17   -0.955532   -0.955822  0.00062224
          18   -0.954976   -0.955775 0.000589445
          19   -0.956286   -0.955802 0.000559033
          20   -0.955294   -0.955777 0.000531658
