           1   -0.000386   -0.000386           0
           2   0.0018196   0.0007168 0.000779797
           3  -0.0010724   0.0001204 0.000712312
           4    0.000282   0.0001608 0.000535378
           5  -0.0022264 -0.00031664 0.000604816
           6  -0.0004552-0.000339733 0.000504454
           7  -0.0026348  -0.0006676 0.000528299
           8   -8.52e-05  -0.0005948 0.000467251
           9   0.0020788-0.000297733 0.000500945
          10   0.0020232  -6.564e-05 0.000501744
          11  -0.0024624-0.000283527 0.000501213
          12  -0.0011692-0.000357333 0.000464847
          13  -0.0005944-0.000375569 0.000429447
          14  -0.0035908-0.000605229 0.000456065
          15     0.00018 -0.00055288 0.000428655
          16    0.000812-0.000467575 0.000410264
          17  -0.0054624-0.000761388 0.000479943
          18    0.000558-0.000688089 0.000458843
          19   0.0012104-0.000588168  0.00044544
          20    0.000638 -0.00052686 0.000427366
           1  -0.0003116  -0.0003116           0
           2   -0.000962  -0.0006368 0.000229951
           3   0.0001668-0.000368933 0.000267088
           4   0.0002968  -0.0002025 0.000246783
           5  -0.0011164 -0.00038528 0.000256328
           6    -9.4e-05-0.000336733 0.000218155
           7   0.0017732-3.53143e-05 0.000335916
           8    0.001772   0.0001906 0.000362009
           9  -0.0008112 7.92889e-05 0.000338466
          10    0.001934  0.00026476 0.000351785
          11  -0.0017356 8.29091e-05 0.000363784
          12   -0.000746 1.38333e-05 0.000339963
          13   0.0008904 8.12615e-05 0.000320429
          14   -0.001436-2.71143e-05 0.000315337
          15  -0.0021568-0.000169093 0.000324708
          16   0.0009252  -0.0001007 0.000311533
          17   0.0012012-2.41176e-05 0.000302474
          18   0.0034184 0.000167133 0.000340811
          19   0.0024848 0.000289116 0.000344012
          20   0.0027716  0.00041324 0.000348485
           1   0.0011784   0.0011784           0
           2  -0.0022124   -0.000517  0.00119883
           3   0.0001556  -0.0002928 0.000819916
           4   0.0009232    1.12e-05 0.000668924
           5   0.0019712   0.0004032  0.00063977
           6     6.8e-05 0.000347333 0.000535575
           7   0.0033944 0.000782629 0.000610863
           8    0.002616   0.0010118 0.000575891
           9    0.000312 0.000934044 0.000517125
          10  -0.0006968  0.00077096 0.000490455
          11  -0.0011276 0.000598364 0.000475268
          12  -0.0027884 0.000316133 0.000512658
          13   -0.000562 0.000248585 0.000477652
          14   0.0015948 0.000344743 0.000453109
          15   0.0042692 0.000606373  0.00049268
          16   0.0050552 0.000884425 0.000534622
          17   0.0011156 0.000898024 0.000503346
          18  -0.0011916 0.000781933 0.000488587
          19   0.0021768 0.000855347 0.000468355
          20   0.0021808  0.00092162 0.000449601
           1  -0.0003968  -0.0003968           0
           2  -0.0015464  -0.0009716 0.000406445
           3  -0.0042104  -0.0020512 0.000922196
           4   0.0021904  -0.0009908  0.00114966
           5  -0.0026744 -0.00132752 0.000967781
           6    0.001004-0.000938933  0.00088105
           7  -0.0017796 -0.00105903 0.000763327
           8   0.0013036  -0.0007637 0.000722788
           9   0.0013812-0.000525378 0.000680635
          10    0.001912 -0.00028164 0.000654761
          11  -0.0065412-0.000850691 0.000805412
          12  -0.0014992-0.000904733 0.000740105
          13   0.0020184-0.000679877 0.000716518
          14  -0.0003648-0.000657371 0.000665691
          15  -0.0042532-0.000897093 0.000663071
          16   0.0007136-0.000796425 0.000629225
          17    0.003176-0.000562753 0.000634118
          18    -0.00315-0.000706489 0.000614964
          19  -0.0008964-0.000716484 0.000582678
          20   0.0027632  -0.0005425 0.000578937
           1    -0.00454    -0.00454           0
           2   -0.003704   -0.004122 0.000295571
           3  -0.0002216 -0.00282187  0.00107969
           4  -0.0002864   -0.002188 0.000978295
           5  -0.0046656 -0.00268352 0.000899417
           6    0.002174 -0.00187393   0.0010526
           7   0.0032876 -0.00113657  0.00113139
           8  -0.0037444 -0.00146255  0.00103586
           9  -0.0018516 -0.00150578 0.000921669
          10  -0.0038672 -0.00174192 0.000859221
          11    0.000712 -0.00151884 0.000809552
          12  -0.0017172 -0.00153537 0.000742258
          13  -0.0010872 -0.00150089 0.000685962
          14  -0.0006992 -0.00144363  0.00063935
          15  -0.0014484 -0.00144395 0.000596727
          16    0.002154 -0.00121907 0.000600309
          17   0.0002344 -0.00113358 0.000571052
          18  -0.0008144 -0.00111584 0.000539603
          19   0.0002048 -0.00104634  0.00051566
          20   -0.001948 -0.00109142 0.000491844
           1  -0.0017564  -0.0017564           0
           2   -0.002628  -0.0021922 0.000308157
           3   0.0014884-0.000965333  0.00102258
           4   0.0009404  -0.0004889  0.00087088
           5  -0.0004476 -0.00048064 0.000696743
           6   0.0011288  -0.0002124 0.000630142
           7   -0.001146-0.000345771 0.000554057
           8   0.0025336   1.415e-05 0.000590238
           9   -0.001556-0.000160311 0.000549835
          10  -0.0011248 -0.00025676  0.00050324
          11  -0.0003232  -0.0002628 0.000457527
          12  -0.0021548-0.000420467 0.000445739
          13   0.0011348-0.000300831 0.000427205
          14  -0.0045444-0.000603943 0.000492623
          15   0.0036176-0.000322507 0.000534158
          16  -0.0003284-0.000322875 0.000500774
          17  -0.0029348-0.000476518 0.000494324
          18     1.6e-06-0.000449956 0.000467575
          19   -0.001424-0.000501221 0.000445767
          20    -0.00144 -0.00054816 0.000425943
           1   0.0011752   0.0011752           0
           2  -0.0001964   0.0004894 0.000484934
           3  -0.0060232 -0.00168147  0.00180175
           4  -0.0028268  -0.0019678  0.00137387
           5   -0.003464 -0.00226704  0.00113122
           6   0.0011744 -0.00169347  0.00107833
           7   0.0007584  -0.0013432 0.000979523
           8  -0.0001744  -0.0011971  0.00086791
           9  -0.0014416 -0.00122427   0.0007719
          10   0.0023984   -0.000862 0.000775072
          11    0.000206-0.000764909 0.000710666
          12   0.0063916-0.000168533 0.000866259
          13  -0.0004236-0.000188154 0.000799846
          14   0.0004516-0.000142457 0.000744018
          15  -0.0056224-0.000507787 0.000778962
          16  -0.0014956-0.000569525  0.00073272
          17    0.003132-0.000351788 0.000721245
          18  -0.0036868-0.000537067 0.000704572
          19  -0.0027912-0.000655705 0.000677404
          20   0.0037624  -0.0004348 0.000678598
           1   0.0008232   0.0008232           0
           2   -0.001784  -0.0004804 0.000921784
           3   0.0002148-0.000248667 0.000642992
           4  -0.0019816  -0.0006819 0.000611005
           5  -0.0012048 -0.00078648 0.000497674
           6  -0.0007024-0.000772467 0.000414925
           7   0.0006544-0.000568629 0.000402618
           8  -0.0064864 -0.00130835 0.000776465
           9  -0.0040388 -0.00161173 0.000747114
          10   0.0068212 -0.00076844  0.00104506
          11  -0.0005764-0.000750982 0.000950202
          12  -0.0024556-0.000893033 0.000881573
          13   0.0009564-0.000750769 0.000825158
          14   0.0006204-0.000652829 0.000772009
          15  -0.0024916-0.000775413 0.000730209
          16   0.0007584 -0.00067955 0.000690835
          17  -0.0016316-0.000735553 0.000652464
          18   -0.004572-0.000948689 0.000650096
          19   0.0067644-0.000542737 0.000731733
          20   -1.68e-05 -0.00051644 0.000695618
           1  -0.0033692  -0.0033692           0
           2  -0.0030276  -0.0031984 0.000120774
           3   -0.000972 -0.00245627 0.000611275
           4  -0.0035992   -0.002742 0.000520975
           5   0.0015864 -0.00187632 0.000879333
           6  -0.0036112 -0.00216547 0.000778868
           7  -0.0022292 -0.00217457 0.000667654
           8  -0.0010884  -0.0020388 0.000597843
           9   0.0008712 -0.00171547 0.000612643
          10   0.0020308 -0.00134084 0.000655995
          11  -0.0011812 -0.00132633 0.000596519
          12  -0.0030984   -0.001474 0.000564792
          13  -0.0007892 -0.00142132 0.000523798
          14  -0.0022048 -0.00147729 0.000489364
          15   0.0053168 -0.00102435 0.000632525
          16   -0.007394 -0.00142245 0.000707263
          17    0.002152 -0.00121219 0.000696212
          18   0.0012108 -0.00107758 0.000670421
          19   0.0038628-0.000817558 0.000683702
          20   -0.000526 -0.00080298 0.000649673
           1   -2.72e-05   -2.72e-05           0
           2   0.0005084   0.0002406 0.000189363
           3  -0.0010464  -0.0001884 0.000372332
           4   0.0067836   0.0015546   0.0015351
           5   0.0029068  0.00182504  0.00125167
           6   0.0009144  0.00167327  0.00105222
           7   0.0018692  0.00170126 0.000902276
           8   0.0026636  0.00182155  0.00079747
           9   0.0006332  0.00168951  0.00071971
          10   0.0016104   0.0016816 0.000647783
          11   -0.002548  0.00129709 0.000693687
          12  -0.0002236  0.00117037 0.000647352
          13  -0.0051276 0.000685908 0.000757442
          14    0.000754 0.000690771 0.000703355
          15   -0.004948 0.000314853 0.000750226
          16  -0.0014184 0.000206525 0.000711115
          17   0.0047888 0.000476071 0.000718556
          18   -0.003916 0.000232067 0.000718872
          19   0.0009968 0.000272316 0.000682163
          20  -0.0009116  0.00021312 0.000650618
           1   -0.002754   -0.002754           0
           2   0.0010428  -0.0008556  0.00134237
           3   0.0031496 0.000479467  0.00141037
           4  -0.0047912  -0.0008382  0.00155598
           5  -0.0044724 -0.00156504  0.00140432
           6   0.0008336 -0.00116527  0.00122585
           7    0.005302-0.000241371  0.00135487
           8  -0.0021464  -0.0004795  0.00120626
           9   0.0005124-0.000369289  0.00107725
          10   0.0007624 -0.00025612 0.000975453
          11    0.000546  -0.0001832 0.000889497
          12   0.0003824-0.000136067  0.00081662
          13    0.000312  -0.0001016  0.00075453
          14   0.0011172-1.45429e-05 0.000705639
          15  -0.0023008 -0.00016696 0.000674857
          16   0.0024464  -3.625e-06 0.000652145
          17   0.0054516 0.000317271  0.00068822
          18   -0.000336 0.000280978 0.000650942
          19    0.004562 0.000506295 0.000654517
          20   -7.64e-05  0.00047716 0.000622439
           1  -0.0030276  -0.0030276           0
           2  -0.0010412  -0.0020344 0.000702298
           3   0.0046512 0.000194133  0.00187886
           4   0.0049768   0.0013898  0.00174869
           5  -0.0022108  0.00066968   0.0015401
           6   0.0018464   0.0008658  0.00129585
           7  -0.0021044 0.000441486  0.00117815
           8   0.0005032   0.0004492   0.0010309
           9   0.0018344 0.000603111 0.000927778
          10   0.0005564  0.00059844 0.000835012
          11   0.0047648   0.0009772 0.000840627
          12   0.0021284  0.00107313 0.000776029
          13  -0.0025688 0.000792985 0.000765233
          14  -0.0010956 0.000658086 0.000722366
          15   0.0041244 0.000889173  0.00071021
          16  -0.0061164 0.000451325 0.000789334
          17   0.0051724 0.000729035 0.000790247
          18    -0.00257 0.000545756 0.000767304
          19  -0.0003008   0.0005012 0.000728212
          20   -0.001074  0.00042244 0.000696047
           1  -0.0008072  -0.0008072           0
           2   0.0049368   0.0020648  0.00203081
           3  -0.0008024  0.00110907  0.00156267
           4    0.003406   0.0016833  0.00127314
           5  -0.0091572  -0.0004848  0.00219041
           6  -0.0013752  -0.0006332  0.00183036
           7   0.0010564-0.000391829  0.00158472
           8   -0.007552 -0.00128685  0.00161977
           9  -0.0002424  -0.0011708  0.00144395
          10   0.0033384 -0.00071988  0.00136815
          11  -0.0060952 -0.00120855  0.00132818
          12   0.0013904-0.000991967  0.00123503
          13  -0.0017088 -0.00104711  0.00114126
          14  -0.0011828  -0.0010568  0.00105978
          15   0.0056648-0.000608693  0.00107972
          16   0.0059436-0.000199175  0.00108713
          17  -0.0076276-0.000636141  0.00110752
          18  -0.0055328-0.000908178  0.00107888
          19    -0.00645 -0.00119985  0.00106079
          20   -0.001254 -0.00120256  0.00100776
           1   0.0001648   0.0001648           0
           2  -0.0037032  -0.0017692  0.00136754
           3  -0.0029076 -0.00214867 0.000962905
           4   0.0029584  -0.0008719  0.00132066
           5   0.0040236   0.0001072  0.00137228
           6  -0.0009804-7.40667e-05  0.00115548
           7   0.0031548   0.0003872  0.00107856
           8    -0.00422  -0.0001887  0.00108667
           9  -0.0028632-0.000485867  0.00100574
          10   -0.006412 -0.00107848  0.00106555
          11   0.0021468-0.000785273  0.00100821
          12   0.0064184-0.000184967  0.00108834
          13   0.0047604 0.000195446  0.00106904
          14   0.0090632 0.000828857  0.00116532
          15   0.0017204 0.000888293  0.00108914
          16   -0.001524 0.000737525  0.00103145
          17  -0.0109432 5.04235e-05   0.0011776
          18   -0.003792-0.000163044  0.00113136
          19   0.0018424-5.74947e-05  0.00107673
          20  -0.0007964  -9.444e-05  0.00102353
           1   -0.007236   -0.007236           0
           2   0.0051912  -0.0010224  0.00439368
           3  -0.0010592 -0.00103467  0.00292914
           4  -0.0008572  -0.0009903  0.00219719
           5  -0.0074572 -0.00228368  0.00210427
           6  -0.0034388  -0.0024762  0.00176234
           7    0.002732 -0.00173217  0.00166023
           8  -0.0012336 -0.00166985  0.00145387
           9     0.00235  -0.0012232   0.0013592
          10   0.0022792 -0.00087296  0.00126761
          11  -0.0005164-0.000840545  0.00115278
          12  -0.0061668  -0.0012844  0.00113897
          13   0.0034624-0.000919262  0.00110834
          14   0.0048116-0.000509914  0.00110217
          15    0.004146 -0.00019952  0.00107151
          16   0.0026164 -2.3525e-05  0.00101889
          17  -0.0075288-0.000465012  0.00105026
          18    -0.00323-0.000618622  0.00100308
          19   0.0017056-0.000496295 0.000957719
          20  -0.0073184  -0.0008374 0.000968675
           1   -0.006406   -0.006406           0
           2  -0.0028552  -0.0046306   0.0012554
           3  -0.0068416  -0.0053676  0.00103081
           4   0.0005104  -0.0038981  0.00148905
           5   0.0088928 -0.00133992  0.00257963
           6   -0.003618  -0.0017196  0.00217745
           7   0.0017424 -0.00122503  0.00192173
           8     0.00132  -0.0009069  0.00170765
           9    0.001532-0.000635911  0.00153926
          10   0.0103096  0.00045864   0.0017313
          11   0.0072424  0.00107535  0.00168016
          12  -0.0057624 0.000505533  0.00163391
          13  -0.0007192 0.000411323  0.00151094
          14  -0.0018384 0.000250629  0.00141154
          15  -0.0004988 0.000200667  0.00131832
          16   -0.005148-0.000133625   0.0012776
          17  -0.0042516-0.000375859   0.0012252
          18    0.002636-0.000208533   0.0011685
          19   0.0034604-1.54316e-05  0.00112284
          20  -0.0027928  -0.0001543  0.00107526
           1  -0.0091652  -0.0091652           0
           2   0.0001792   -0.004493  0.00330374
           3  -0.0047276  -0.0045712  0.00220342
           4  -0.0022116  -0.0039813  0.00172973
           5   0.0036064 -0.00246376  0.00193835
           6   -0.004656 -0.00282913  0.00164937
           7  -0.0086908 -0.00366651  0.00161236
           8    0.001382 -0.00303545  0.00152933
           9  -0.0041884 -0.00316356  0.00136476
          10   0.0016076 -0.00268644  0.00130903
          11   0.0004876 -0.00239789  0.00122142
          12   0.0021604 -0.00201803  0.00117722
          13  -0.0028036 -0.00207846  0.00108821
          14    0.001282 -0.00183843  0.00103662
          15  -0.0026628 -0.00189339 0.000968966
          16  -0.0086928 -0.00231835  0.00099725
          17   -0.005114  -0.0024828 0.000952051
          18  -0.0071692 -0.00274316 0.000934081
          19   -0.004244 -0.00282215 0.000888252
          20   0.0098892 -0.00218658  0.00104681
           1   0.0139556   0.0139556           0
           2   -0.003006   0.0054748  0.00599683
           3   0.0101748  0.00704147  0.00419755
           4    0.001264   0.0055971  0.00338756
           5  -0.0105688  0.00236392  0.00396322
           6  -0.0072608   0.0007598  0.00361276
           7   0.0117536  0.00233034  0.00342104
           8   0.0036636    0.002497  0.00299746
           9  -0.0013376  0.00207093  0.00269452
          10  -0.0037172  0.00149212  0.00248646
          11    0.004384  0.00175502  0.00227428
          12    0.007934  0.00226993  0.00214225
          13   0.0008812  0.00216311  0.00198012
          14  -0.0084984  0.00140157  0.00197972
          15   0.0077708  0.00182619  0.00189272
          16    0.000624  0.00175105  0.00177592
          17   -0.003126  0.00146416  0.00169447
          18   0.0066288  0.00175109  0.00162444
          19  -0.0009628  0.00160825  0.00154521
          20  -0.0018652  0.00143458  0.00147768
           1   0.0008208   0.0008208           0
           2  -0.0009748    -7.7e-05  0.00063484
           3   0.0008628 0.000236267 0.000494515
           4  -0.0111648   -0.002614  0.00249611
           5   0.0004596 -0.00199928   0.0020712
           6   -0.001008 -0.00183407  0.00173258
           7  -0.0120044 -0.00328697  0.00200369
           8  -0.0036024  -0.0033264  0.00175362
           9   0.0015636 -0.00278307  0.00164079
          10   -0.002992 -0.00280396  0.00147684
          11  -0.0095032 -0.00341298  0.00146278
          12   0.0123872  -0.0020963  0.00184042
          13    0.006386 -0.00144382  0.00181082
          14  -0.0072548 -0.00185889  0.00172839
          15   0.0049988 -0.00140171  0.00167254
          16  -0.0163604 -0.00233663  0.00181055
          17   0.0047376 -0.00192049  0.00175121
          18  -0.0031664 -0.00198971  0.00165529
          19   0.0019532 -0.00178219  0.00158112
          20   0.0153324 -0.00092646   0.0017181
           1  -0.0002324  -0.0002324           0
           2   0.0015284    0.000648 0.000622537
           3  -0.0086812 -0.00246173  0.00257278
           4  -0.0027324  -0.0025294  0.00193048
           5   0.0018952 -0.00164448  0.00173539
           6   -0.001512  -0.0016224   0.0014463
           7   0.0040152-0.000817029  0.00144664
           8  -0.0021372 -0.00098205  0.00127519
           9  -0.0127088 -0.00228502  0.00167151
          10  -0.0099264 -0.00304916  0.00166991
          11   0.0113128 -0.00174353  0.00196325
          12  -0.0024996 -0.00180653  0.00180065
          13  -0.0127736 -0.00265015  0.00184923
          14   0.0024316 -0.00228717  0.00175241
          15   0.0036224  -0.0018932  0.00167928
          16   0.0107548  -0.0011027  0.00175053
          17  -0.0009392 -0.00109308  0.00164758
          18   0.0020788-0.000916867  0.00156544
          19   0.0048472-0.000613495  0.00151216
          20  -0.0013512 -0.00065038    0.001437
           1  -0.0095772  -0.0095772           0
           2    0.003046  -0.0032656  0.00446298
           3  -0.0010696  -0.0025336  0.00303475
           4   0.0050836  -0.0006293  0.00281074
           5  -0.0182608  -0.0041556   0.0038735
           6  -0.0103028 -0.00518013  0.00336068
           7  -0.0216144 -0.00752789  0.00360864
           8  -0.0038852 -0.00707255  0.00318616
           9   0.0025572 -0.00600258  0.00300643
          10   0.0031292  -0.0050894  0.00284109
          11  -0.0092456 -0.00546724  0.00260781
          12   0.0020988 -0.00483673  0.00246554
          13  -0.0010856 -0.00454818   0.0022927
          14  -0.0042396 -0.00452614  0.00212905
          15    -0.00838 -0.00478307  0.00200255
          16  -0.0077608 -0.00496917  0.00188602
          17   0.0026144 -0.00452308  0.00182707
          18  -0.0064164 -0.00462827  0.00172859
          19   0.0081556 -0.00395543  0.00176371
          20  -0.0072792 -0.00412162  0.00168333
           1  -0.0037124  -0.0037124           0
           2  -0.0040208  -0.0038666 0.000109036
           3  -0.0016672 -0.00313347 0.000602998
           4   0.0050224  -0.0010945  0.00182279
           5  -0.0061272 -0.00210104  0.00171375
           6   0.0092284  -0.0002128  0.00223847
           7   0.0044448 0.000452571  0.00201515
           8  -0.0155024  -0.0015418  0.00256698
           9   0.0023516  -0.0011092  0.00231793
          10   0.0061372 -0.00038456  0.00219649
          11   0.0056252 0.000161782  0.00206364
          12     0.00129   0.0002558  0.00189381
          13   0.0101576  0.00101748  0.00189512
          14  -0.0085824 0.000331771  0.00187972
          15    -0.01499 -0.00068968  0.00201289
          16   -0.003188-0.000845825  0.00189313
          17  -0.0048496 -0.00108134  0.00179636
          18   0.0022232-0.000897756  0.00170592
          19  -0.0100448 -0.00137918   0.0016827
          20  -0.0006948 -0.00134496  0.00159891
           1  -0.0101004  -0.0101004           0
           2   0.0099704    -6.5e-05   0.0070961
           3   0.0080084  0.00262613  0.00521613
           4  -0.0171248  -0.0023116  0.00579572
           5   -0.006194 -0.00308808   0.0046883
           6   0.0210432   0.0009338  0.00536131
           7   -0.006872-0.000181314  0.00470995
           8  -0.0049368 -0.00077575  0.00415855
           9   0.0017544-0.000494622  0.00370598
          10   -0.009366 -0.00138176  0.00343992
          11  -0.0143592 -0.00256153  0.00332336
          12   0.0019896 -0.00218227  0.00306798
          13    0.024924-9.71692e-05   0.0034689
          14    0.021094  0.00141649  0.00353598
          15   0.0122956  0.00214176  0.00337381
          16   -0.003364  0.00179765  0.00318045
          17  -0.0045204    0.001426    0.003015
          18  -0.0125844 0.000647644  0.00294625
          19  -0.0148204-0.000166463  0.00290149
          20  -0.0014472  -0.0002305  0.00275712
           1  -0.0029824  -0.0029824           0
           2  -0.0096656   -0.006324  0.00236287
           3    0.003424 -0.00307467  0.00308548
           4  -0.0080076  -0.0043079  0.00254868
           5   0.0100228 -0.00144176  0.00327553
           6   0.0074344    3.76e-05  0.00304541
           7   0.0046012 0.000689543  0.00267922
           8   0.0068248  0.00145645  0.00245162
           9   -0.015304-0.000405822  0.00279852
          10     0.02999  0.00263376  0.00382869
          11  -0.0134812  0.00116876  0.00375045
          12  -0.0085864 0.000355833  0.00352491
          13   0.0048704 0.000703108  0.00327083
          14   -0.002472 0.000476314  0.00304505
          15  -0.0297032 -0.00153565  0.00344316
          16   0.0082008-0.000927125   0.0032813
          17  -0.0145924 -0.00173096  0.00318522
          18  -0.0072824 -0.00203938  0.00302316
          19  -0.0087192 -0.00239095  0.00288442
          20   0.0044612 -0.00204834  0.00276047
           1   0.0160764   0.0160764           0
           2  -0.0148376   0.0006194   0.0109297
           3   0.0038536  0.00169747  0.00733948
           4   0.0301088   0.0088003   0.0082546
           5   -0.031206  0.00079904   0.0097378
           6   -0.028242 -0.00404113  0.00923976
           7   0.0153632 -0.00126909  0.00832524
           8  -0.0234268  -0.0040388   0.0077316
           9  -0.0022592 -0.00384107  0.00687506
          10   0.0514968  0.00169272  0.00811458
          11  -0.0046972  0.00111182  0.00739765
          12   0.0284308   0.0033884  0.00712287
          13  -0.0209904  0.00151311  0.00681735
          14   0.0327152  0.00374183  0.00668478
          15  -0.0103776  0.00280053  0.00630506
          16  -0.0017352  0.00251705  0.00591736
          17  -0.0357152 0.000268094   0.0059814
          18   -0.002608 0.000108311  0.00565124
          19    0.021348  0.00122619  0.00546325
          20  -0.0108904  0.00062036  0.00522357
           1   0.0009572   0.0009572           0
           2  -0.0289152   -0.013979   0.0105615
           3   0.0088156  -0.0063808  0.00938424
           4   0.0592896   0.0100368   0.0158647
           5   0.0160104   0.0112315   0.0127367
           6   0.0308248   0.0144971   0.0110246
           7    0.004238   0.0130315  0.00954656
           8  -0.0049036   0.0107896  0.00861245
           9  -0.0211392  0.00724196   0.0083543
          10   -0.020472  0.00447056   0.0079653
          11   0.0099176  0.00496575  0.00725655
          12  -0.0064376  0.00401547  0.00671377
          13   0.0104984  0.00451415  0.00621582
          14   -0.031062    0.001973  0.00626979
          15  -0.0121128  0.00103395  0.00592171
          16   0.0064012   0.0013694   0.0055611
          17     0.03166   0.0031512  0.00551204
          18  -0.0089716  0.00247771   0.0052468
          19   0.0064164  0.00268501  0.00497474
          20  -0.0107884  0.00201134   0.0047714
           1   0.0280736   0.0280736           0
           2   0.0020688   0.0150712  0.00919409
           3   0.0054212   0.0118545  0.00666839
           4   0.0065396   0.0105258  0.00513196
           5   0.0138796   0.0111966  0.00414917
           6   -0.009896  0.00768113   0.0047174
           7   0.0195856  0.00938177  0.00433921
           8   0.0240732   0.0112182  0.00416733
           9  -0.0023172  0.00971427   0.0039664
          10   0.0232212    0.011065  0.00379277
          11   0.0587352   0.0153986  0.00538162
          12    0.029096   0.0165401  0.00505275
          13  -0.0317708   0.0128238   0.0058738
          14    0.009786   0.0126069  0.00545825
          15   0.0037592    0.012017  0.00512614
          16   0.0099884   0.0118902  0.00480733
          17   0.0770572   0.0157236  0.00585676
          18  -0.0122592    0.014169    0.005734
          19  -0.0054708   0.0131353   0.0055246
          20  -0.0239056   0.0112833  0.00555013
           1  -0.0255576  -0.0255576           0
           2   -0.005098  -0.0153278  0.00723356
           3  -0.0177252  -0.0161269  0.00486632
           4  -0.0243196  -0.0181751  0.00405793
           5  -0.0110736  -0.0167548  0.00348605
           6     0.02882   -0.009159  0.00751794
           7    -0.03339  -0.0126206  0.00719689
           8   0.0117188 -0.00957815   0.0069105
           9   0.0201388 -0.00627627  0.00688646
          10   0.0617132  0.00052268  0.00894517
          11   0.0287392  0.00308782   0.0084918
          12   0.0332384  0.00560037  0.00814738
          13   0.0079308  0.00577963  0.00752263
          14   0.0203216  0.00681834  0.00705665
          15  -0.0829476 0.000833947  0.00876377
          16   0.0180808  0.00191188  0.00828206
          17   0.0431952  0.00434031  0.00814312
          18  -0.0441344  0.00164727  0.00812384
          19   0.0034744  0.00174343  0.00769684
          20  -0.0562052   -0.001154  0.00783841
           1    0.071094    0.071094           0
           2   0.0721824   0.0716382 0.000384808
           3   0.0093896   0.0508887   0.0169439
           4  -0.0655144   0.0217879   0.0282247
           5    0.060498   0.0295299   0.0236177
           6  -0.0301968   0.0195755    0.021678
           7   0.0577228   0.0250251   0.0192539
           8   0.0287196   0.0254869   0.0168527
           9   0.0246264   0.0253913   0.0149805
          10   0.0038656   0.0232387   0.0136362
          11   0.0346264    0.024274   0.0124358
          12  -0.0467792   0.0183529   0.0127313
          13   0.0177304    0.018305    0.011752
          14   0.0303368   0.0191644    0.010944
          15     0.15827   0.0284381   0.0135868
          16   0.0098604    0.027277   0.0127872
          17  -0.0872212   0.0205418   0.0136943
          18  -0.0214076   0.0182113   0.0131303
          19  -0.0740012    0.013358    0.013306
          20    0.024728   0.0139265   0.0126529
           1   0.0166264   0.0166264           0
           2  -0.0272652  -0.0053194    0.015518
           3   -0.103776  -0.0381384   0.0287243
           4   -0.115414  -0.0574573   0.0272768
           5   -0.135858  -0.0731374   0.0259397
           6    -0.01297  -0.0631095   0.0234749
           7   -0.143204  -0.0745517   0.0227395
           8  -0.0462908  -0.0710191   0.0201696
           9    0.006228   -0.062436   0.0196702
          10   0.0330572  -0.0528867   0.0198865
          11    0.119789  -0.0371889   0.0234703
          12   0.0090008  -0.0333398   0.0218278
          13    0.122913  -0.0213203   0.0232234
          14   -0.057076  -0.0238743   0.0217046
          15   0.0528348  -0.0187604   0.0208513
          16  -0.0694316  -0.0219273   0.0197872
          17   0.0577044  -0.0172431   0.0191697
          18  -0.0818868  -0.0208344    0.018438
          19   0.0219296  -0.0185837   0.0176044
          20   -0.038066  -0.0195578   0.0167511
